38 Sea Zone  (5524,2829)  (5583,2889)  (5523,2889)  (5467,2769)  (5527,2769)  (5584,2829)  (5587,2766)  (5463,2927)  (5624,2949)  (5564,2949)  (5386,2686)  (5322,2867)  (5262,2835)  | overflowToLeft=false
Komi  (4684,194)  (4624,253)  (4624,193)  (4743,254)  (4684,134)  (4744,134)  (4744,194)  (4622,133)  (4683,313)  (4623,313)  (4564,253)  (4564,193)  (4803,254)  (4803,314)  (4743,314)  (4563,314)  (4682,74)  (4742,74)  (4802,74)  (4804,134)  (4804,194)  (4562,133)  (4562,73)  (4622,73)  (4862,16)  (4627,373)  (4504,254)  (4504,194)  (4863,254)  (4863,314)  (4754,374)  (4567,374)  (4507,374)  (4503,314)  (4682,14)  (4742,14)  (4802,14)  (4864,76)  (4864,136)  (4502,134)  (4561,13)  (4621,13)  (4897,374)  (4922,1)  (4924,61)  (4924,121)  | overflowToLeft=false
99 Sea Zone  (3047,1727)  (2987,1786)  (3106,1787)  (3024,1667)  (3084,1667)  (3107,1727)  (3166,1787)  (3065,1607)  (3167,1711)  (3049,1547)  (2986,1500)  (2932,1440)  | overflowToLeft=false
Western Turkey  (3582,1619)  (3522,1678)  (3642,1561)  (3642,1621)  | overflowToLeft=false
Western Ukraine  (3601,1007)  (3541,971)  (3644,1067)  (3584,1067)  (3601,947)  (3661,958)  (3704,1040)  | overflowToLeft=false
84 Sea Zone  (2499,2942)  (2439,3001)  (2439,2941)  (2558,3002)  (2499,2882)  (2559,2882)  (2559,2942)  (2437,2881)  (2498,3061)  (2438,3061)  (2379,3001)  (2379,2941)  (2618,3002)  (2618,3062)  (2558,3062)  (2378,3062)  (2497,2822)  (2557,2822)  (2619,2828)  (2619,2888)  (2377,2881)  (2377,2821)  (2437,2821)  (2498,3121)  (2438,3121)  (2319,3002)  (2319,2942)  (2678,2948)  (2678,3008)  (2678,3068)  (2618,3122)  (2558,3122)  (2378,3122)  (2318,3122)  (2318,3062)  (2497,2762)  (2557,2762)  (2317,2882)  (2317,2822)  (2317,2762)  (2377,2761)  (2437,2761)  (2680,3128)  (2498,3181)  (2438,3181)  (2620,3182)  (2560,3182)  (2378,3182)  (2318,3182)  (2314,2702)  (2497,2702)  | overflowToLeft=false
Paraguay  (1095,2735)  (1119,2795)  (1155,2719)  | overflowToLeft=false
Kazakhstan  (4448,1274)  (4388,1333)  (4388,1273)  (4507,1334)  (4448,1214)  (4508,1214)  (4508,1274)  (4386,1213)  (4447,1393)  (4387,1393)  (4328,1333)  (4328,1273)  (4567,1334)  (4567,1394)  (4507,1394)  (4327,1394)  (4446,1154)  (4506,1154)  (4566,1154)  (4568,1214)  (4568,1274)  (4326,1213)  (4336,1153)  (4626,1120)  (4627,1351)  (4627,1411)  (4567,1454)  (4541,1094)  (4642,1471)  | overflowToLeft=false
Shan State  (5169,2397)  (5197,2457)  (5137,2457)  (5180,2337)  (5200,2517)  (5140,2517)  (5208,2266)  (5268,2249)  (5289,2189)  (5246,2674)  | overflowToLeft=false
Syria  (3744,1815)  (3684,1874)  (3804,1789)  (3864,1773)  | overflowToLeft=false
Western India  (4600,2383)  (4540,2355)  (4627,2443)  (4541,2295)  (4642,2503)  (4642,2563)  | overflowToLeft=false
Anhwe  (5734,1518)  (5674,1577)  (5674,1517)  (5793,1578)  (5734,1458)  (5794,1508)  (5709,1398)  | overflowToLeft=false
Solomon Islands  (7393,3002)  | overflowToLeft=false
Yukon Territory  (9107,98)  (9047,157)  (9047,97)  (9166,158)  (9107,38)  (9167,38)  (9167,98)  (9045,37)  (9106,217)  (9190,218)  | overflowToLeft=false
100 Sea Zone  (3432,1910)  (3372,1924)  (3492,1885)  (3312,1924)  (3552,1885)  | overflowToLeft=false
56 Sea Zone  (6668,3070)  (6608,3119)  (6732,3048)  (6548,3119)  (6792,2996)  (6798,3056)  (6858,3039)  | overflowToLeft=false
Marshall Islands  (7629,2189)  | overflowToLeft=false
9 Sea Zone  (8101,561)  (8041,620)  (8041,560)  (8160,621)  (8101,501)  (8161,501)  (8161,561)  (8039,500)  (7981,627)  (7981,567)  (8220,621)  (8221,462)  (8221,522)  (7979,507)  (7921,627)  (7921,567)  (8280,582)  (8281,474)  (7919,507)  (7861,627)  (7861,567)  (8340,534)  (8340,594)  (8341,471)  (7859,507)  (7801,627)  (7801,567)  (8400,531)  (8400,591)  (8401,460)  (7799,507)  (7741,627)  (7741,567)  (8460,520)  (8460,580)  (8461,460)  (7739,507)  | overflowToLeft=false
115 Sea Zone  (2695,456)  (2723,516)  (2663,516)  (2655,396)  (2715,396)  (2750,576)  (2655,336)  (2715,336)  (2775,283)  (2655,276)  (2715,276)  (2835,252)  | overflowToLeft=false
13 Sea Zone  (8599,1508)  (8539,1567)  (8539,1507)  (8658,1568)  (8599,1448)  (8659,1448)  (8659,1508)  (8537,1447)  (8598,1627)  (8538,1627)  (8479,1567)  (8479,1507)  (8718,1568)  (8718,1628)  (8658,1628)  (8478,1628)  (8597,1388)  (8657,1388)  (8717,1388)  (8719,1448)  (8719,1508)  (8477,1447)  (8477,1387)  (8537,1387)  (8777,1367)  (8778,1568)  (8778,1628)  (8779,1427)  (8779,1487)  | overflowToLeft=false
Malaya  (5375,2792)  | overflowToLeft=false
Argentina  (1002,2936)  (942,2995)  (942,2935)  (1061,2996)  (1002,2876)  (1062,2876)  (1062,2936)  (940,2875)  (1001,3055)  (941,3055)  (939,2815)  (983,3115)  (965,2755)  (990,3175)  (962,3235)  | overflowToLeft=false
28 Sea Zone  (8623,1885)  (8563,1944)  (8563,1884)  (8682,1945)  (8623,1825)  (8683,1825)  (8683,1885)  (8561,1824)  (8622,2004)  (8562,2004)  (8503,1944)  (8503,1884)  (8742,1945)  (8742,2005)  (8682,2005)  (8502,2005)  (8621,1765)  (8681,1765)  (8741,1765)  (8743,1825)  (8743,1885)  (8501,1824)  (8501,1764)  (8561,1764)  (8801,1721)  (8622,2064)  (8562,2064)  (8443,1945)  (8801,2065)  (8741,2065)  (8502,2065)  (8442,2065)  (8442,2005)  (8441,1832)  (8441,1772)  | overflowToLeft=false
Hokkaido  (7040,676)  | overflowToLeft=false
British Columbia  (9117,391)  (9057,450)  (9057,390)  (9176,451)  (9117,331)  (9177,331)  (9177,391)  (9055,330)  | overflowToLeft=false
Buyant-Uhaa  (5809,826)  (5749,878)  (5869,778)  | overflowToLeft=false
94 Sea Zone  (2336,1760)  (2276,1811)  (2350,1700)  (2396,1760)  (2410,1686)  (2216,1828)  | overflowToLeft=false
Olgiy  (5117,823)  (5057,869)  (5057,809)  (5176,883)  (5117,763)  (5177,763)  (5177,823)  (5116,929)  (5237,733)  | overflowToLeft=false
125 Sea Zone  (1436,38)  (1376,97)  (1376,37)  (1495,98)  (1496,0)  (1555,60)  (1556,0)  | overflowToLeft=false
46 Sea Zone  (6491,2742)  (6491,2802)  (6491,2862)  (6491,2922)  (6491,2982)  (6551,2742)  (6551,2802)  (6551,2862)  (6551,2971)  (6611,2742)  (6611,2802)  (6611,2862)  (6611,2961)  (6671,2742)  (6671,2962)  (6731,2742)  (6791,2742)  (6851,2742)  | overflowToLeft=false
Johnston Island  (8190,2154)  | overflowToLeft=false
Western Germany  (2788,916)  (2728,975)  (2728,915)  (2826,976)  (2788,856)  (2848,856)  (2886,1031)  (2766,1035)  (2826,1036)  (2748,796)  (2808,796)  (2868,796)  (2766,1095)  (2866,1096)  | overflowToLeft=false
Finland  (3279,184)  (3324,244)  (3277,124)  (3321,304)  (3271,64)  | overflowToLeft=false
Sumatra  (5336,2968)  (5384,3028)  | overflowToLeft=false
23 Sea Zone  (7067,1932)  (7007,1991)  (7007,1931)  (7126,1992)  (7067,1872)  (7127,1872)  (7127,1932)  (7005,1871)  (7066,2051)  (7006,2051)  (6947,1991)  (6947,1931)  (7186,1992)  (7186,2052)  (7126,2052)  (6946,2052)  (7065,1812)  (7125,1812)  (7185,1812)  (7187,1872)  (7187,1932)  (6945,1871)  (6945,1811)  (7005,1811)  (7066,2111)  (7006,2111)  (7226,2112)  (7166,2112)  (6946,2112)  (7065,1752)  (7125,1752)  (7185,1752)  (6908,1751)  (6968,1751)  (7106,2171)  (7046,2171)  (7226,2172)  (7166,2172)  (6986,2172)  (6926,2172)  | overflowToLeft=false
Southern Caucasus  (4040,1593)  (4099,1653)  (3968,1522)  (4159,1663)  | overflowToLeft=false
Northwest Persia  (4076,1769)  (4068,1829)  | overflowToLeft=false
41 Sea Zone  (4774,2992)  (4833,3052)  (4773,3052)  (4731,2932)  (4791,2932)  (4834,2992)  (4851,2915)  (4893,3052)  (4893,3112)  (4833,3112)  (4773,3112)  (4731,2872)  (4791,2872)  (4894,2975)  (4851,2855)  (4911,2855)  (4911,2915)  (4920,3172)  (4860,3172)  (4800,3172)  (4740,3172)  | overflowToLeft=false
Southern France  (2439,1292)  (2379,1351)  (2379,1291)  (2498,1352)  (2439,1232)  (2499,1260)  (2558,1320)  (2558,1380)  | overflowToLeft=false
64 Sea Zone  (7222,3683)  (7162,3742)  (7281,3743)  (7237,3623)  (7282,3683)  (7297,3608)  (7102,3796)  (7296,3548)  (7042,3796)  (7298,3488)  (7009,3736)  (6982,3796)  | overflowToLeft=false
Northern Italy  (2761,1335)  (2701,1358)  (2701,1298)  (2820,1395)  (2761,1275)  (2821,1275)  (2821,1335)  (2881,1292)  | overflowToLeft=false
Western Australia  (6397,3439)  (6337,3466)  (6337,3406)  (6456,3499)  (6397,3379)  (6457,3379)  (6457,3439)  (6396,3526)  (6504,3559)  (6444,3586)  | overflowToLeft=false
76 Sea Zone  (4573,3679)  (4513,3738)  (4513,3678)  (4632,3739)  (4573,3619)  (4633,3619)  (4633,3679)  (4511,3618)  | overflowToLeft=false
Southern Belarus  (3611,790)  (3671,736)  (3671,796)  | overflowToLeft=false
110 Sea Zone  (1535,748)  (1475,807)  (1475,747)  (1594,808)  (1535,688)  (1595,688)  (1595,748)  (1473,687)  (1534,867)  (1474,867)  (1415,807)  (1415,747)  (1634,868)  (1414,868)  (1533,628)  (1593,628)  (1413,687)  (1413,627)  (1473,627)  | overflowToLeft=false
4 Sea Zone  (7466,358)  (7406,417)  (7406,357)  (7525,418)  (7466,298)  (7526,298)  (7526,358)  (7404,297)  (7465,477)  (7405,477)  (7346,417)  (7346,357)  (7585,418)  (7585,478)  (7525,478)  (7345,478)  (7499,238)  (7559,238)  (7586,298)  (7586,358)  (7344,297)  (7619,205)  (7285,511)  (7285,451)  | overflowToLeft=false
15 Sea Zone  (8280,853)  (8220,912)  (8220,852)  (8339,913)  (8280,793)  (8340,793)  (8340,853)  (8218,792)  (8279,972)  (8219,972)  (8160,912)  (8160,852)  (8399,913)  (8399,973)  (8339,973)  (8159,973)  (8278,733)  (8338,733)  (8398,733)  (8400,793)  (8400,853)  (8158,792)  (8158,732)  (8218,732)  (8458,686)  (8279,1032)  (8219,1032)  (8459,913)  (8459,973)  (8459,1033)  (8399,1033)  (8339,1033)  (8159,1033)  (8460,746)  (8460,806)  | overflowToLeft=false
Libya  (2795,2062)  (2735,2121)  (2735,2061)  (2854,2122)  (2795,2002)  (2855,2002)  (2855,2062)  (2733,2001)  (2675,2119)  (2914,2122)  (2915,2009)  (2673,2059)  | overflowToLeft=false
Nenetsia  (3997,39)  (3937,98)  (3937,38)  (4056,99)  (4057,1)  (3877,56)  (4116,61)  (4116,121)  (4117,1)  | overflowToLeft=false
South Australia  (6739,3489)  (6679,3513)  (6799,3472)  (6820,3532)  (6619,3526)  (6859,3472)  (6880,3532)  | overflowToLeft=false
21 Sea Zone  (5831,2163)  (5867,2103)  (5891,2163)  (5920,2031)  (5927,2091)  (5947,1970)  (5951,2151)  (5976,1899)  (5980,2030)  (5987,2090)  (6011,2150)  (6012,1819)  (6040,1989)  (6047,2049)  (6071,2109)  (6072,1790)  (6100,1945)  (6107,2005)  (6128,1850)  (6131,2065)  (6131,2125)  (6132,1790)  (6160,1910)  (6167,1970)  (6188,1850)  (6191,2030)  (6191,2090)  (6192,1790)  (6220,1910)  (6227,1970)  (6248,1850)  (6251,2030)  (6252,1790)  (6280,1910)  (6287,1970)  (6308,1850)  (6311,2030)  (6312,1790)  (6323,2090)  (6329,2150)  (6340,1910)  (6347,1970)  (6368,1850)  (6371,2030)  (6372,1790)  (6383,2090)  (6389,2150)  (6400,1910)  (6407,1970)  (6428,1850)  (6431,2030)  | overflowToLeft=false
Sweden  (3061,357)  (3001,416)  (3085,417)  (3081,297)  (3141,246)  (3025,476)  (2965,476)  (3169,186)  (3013,536)  | overflowToLeft=false
Holland Belgium  (2643,843)  (2583,858)  (2651,903)  | overflowToLeft=false
Kansu  (5127,1193)  (5067,1252)  (5067,1192)  (5186,1253)  (5127,1133)  (5187,1139)  (5126,1312)  (5066,1312)  (5246,1213)  (5104,1073)  | overflowToLeft=false
97 Sea Zone  (2706,1651)  (2723,1497)  (2736,1557)  (2766,1617)  (2766,1677)  (2822,1737)  (2826,1593)  (2826,1653)  (2882,1713)  (2882,1773)  (2886,1638)  | overflowToLeft=false
Siberia  (6871,93)  (6811,152)  (6811,92)  (6930,153)  (6871,33)  (6931,33)  (6931,93)  (6809,32)  (6870,212)  (6810,212)  (6751,152)  (6751,92)  (6990,153)  (6990,213)  (6930,213)  (6750,213)  (6991,1)  (6991,61)  (6749,32)  (6861,272)  (6691,153)  (6691,93)  (7050,121)  (7050,181)  (6690,232)  (7051,1)  (7051,61)  (6689,33)  (6631,172)  (6631,112)  (7110,121)  (7110,181)  (7111,1)  (7111,61)  (6629,52)  (6571,224)  (7170,121)  (7170,181)  (7171,1)  (7171,61)  (6569,44)  (7230,121)  (7231,1)  (7231,61)  | overflowToLeft=false
Poland  (3220,910)  (3160,935)  (3160,875)  (3277,970)  (3220,850)  (3217,995)  (3284,1030)  | overflowToLeft=false
92 Sea Zone  (1525,1691)  (1465,1750)  (1465,1690)  (1584,1751)  (1525,1631)  (1585,1631)  (1585,1691)  (1463,1630)  (1524,1810)  (1464,1810)  (1405,1750)  (1405,1690)  (1644,1751)  (1644,1811)  (1584,1811)  (1404,1811)  (1523,1571)  (1583,1571)  (1643,1571)  (1645,1631)  (1645,1691)  (1403,1630)  (1403,1570)  (1463,1570)  | overflowToLeft=false
18 Sea Zone  (7226,1550)  (7166,1609)  (7166,1549)  (7285,1610)  (7231,1490)  (7286,1550)  (7291,1485)  (7106,1667)  (7106,1607)  (7106,1547)  (7230,1430)  (7290,1425)  (7046,1667)  (7046,1607)  (7046,1547)  (7230,1370)  (7290,1365)  (7230,1310)  (7290,1305)  | overflowToLeft=false
Western Sinkiang  (4765,1260)  (4705,1319)  (4705,1259)  (4824,1320)  (4765,1200)  (4825,1200)  (4825,1260)  (4764,1379)  (4704,1379)  (4792,1140)  (4756,1439)  | overflowToLeft=false
Bulgaria  (3378,1442)  (3318,1501)  (3437,1502)  (3438,1427)  | overflowToLeft=false
Tunisia  (2652,1890)  (2662,1950)  | overflowToLeft=false
117 Sea Zone  (3101,670)  (3160,730)  (3063,610)  (3123,610)  (3161,670)  (3105,550)  (3164,390)  | overflowToLeft=false
Southern Persia  (4163,2106)  (4103,2143)  (4103,2083)  (4222,2166)  (4192,2046)  (4223,2106)  (4162,2203)  (4047,2023)  (4282,2166)  (4257,2226)  (4283,2065)  (4019,1963)  | overflowToLeft=false
Java  (5680,3106)  | overflowToLeft=false
51 Sea Zone  (7981,2773)  (7981,2833)  (7981,2893)  (7981,2953)  (7981,3013)  (7981,3073)  (7981,3133)  (7981,3193)  (7981,3253)  (7981,3313)  (8041,2773)  (8041,2833)  (8041,2893)  (8041,2953)  (8041,3013)  (8041,3073)  (8041,3133)  (8041,3193)  (8041,3253)  (8041,3313)  (8101,2773)  (8101,2833)  (8101,2893)  (8101,2953)  (8101,3013)  (8101,3073)  (8101,3133)  (8101,3193)  (8101,3253)  (8101,3313)  (8161,2773)  (8161,2833)  (8161,2893)  (8161,2953)  (8161,3013)  (8161,3073)  (8161,3133)  (8161,3193)  (8161,3253)  (8161,3313)  (8221,2773)  (8221,2833)  (8221,2893)  (8221,2953)  (8221,3013)  (8221,3073)  (8221,3133)  (8221,3193)  (8221,3253)  (8221,3313)  (8281,2773)  (8281,2833)  (8281,2893)  (8281,2953)  (8281,3013)  (8281,3073)  (8281,3133)  (8281,3193)  (8281,3253)  (8281,3313)  | overflowToLeft=false
Kyushu  (6560,1319)  | overflowToLeft=false
54 Sea Zone  (7397,3155)  (7397,3215)  (7397,3275)  (7397,3335)  (7457,3155)  (7457,3215)  (7457,3275)  (7457,3335)  (7517,3155)  (7517,3263)  (7517,3323)  (7577,3155)  (7577,3272)  (7577,3332)  (7637,3155)  (7637,3215)  (7637,3342)  (7697,3155)  (7697,3215)  (7697,3345)  (7734,3275)  (7757,3155)  (7757,3215)  (7757,3335)  (7794,3275)  (7817,3155)  (7817,3215)  (7817,3335)  (7854,3275)  (7877,3155)  (7877,3215)  (7877,3335)  (7914,3275)  | overflowToLeft=false
48 Sea Zone  (7299,2745)  (7239,2736)  (7359,2693)  (7359,2753)  (7179,2732)  (7419,2693)  | overflowToLeft=false
89 Sea Zone  (1812,2279)  (1752,2338)  (1752,2278)  (1863,2339)  (1812,2219)  (1750,2218)  (1872,2194)  (1803,2398)  (1743,2398)  (1885,2399)  (1810,2159)  (1742,2158)  (1870,2134)  (1825,2458)  (1765,2458)  (1909,2459)  | overflowToLeft=false
Kenya  (3423,2946)  (3363,2982)  (3363,2922)  (3482,3006)  (3423,2886)  (3483,2889)  (3338,2862)  (3303,3026)  (3303,2966)  (3542,2949)  (3542,3009)  (3548,3069)  | overflowToLeft=false
123 Sea Zone  (578,301)  (518,352)  (518,292)  (637,361)  (578,241)  (638,275)  (505,232)  (661,187)  (458,331)  (445,271)  | overflowToLeft=false
Northern Spain  (2144,1397)  (2084,1374)  (2149,1457)  (2204,1363)  (2209,1423)  (2024,1371)  (2269,1416)  (2281,1476)  (2285,1536)  | overflowToLeft=false
Kweichow  (5446,1943)  (5500,2003)  | overflowToLeft=false
43 Sea Zone  (5867,3044)  (5807,3096)  (5807,3036)  (5927,3010)  (5927,3070)  (5747,3065)  (5987,3010)  (5987,3070)  (5687,3055)  (6047,3010)  (6047,3070)  (6052,3130)  (5627,3045)  (6107,3010)  (6107,3070)  (6112,3130)  (6167,3010)  (6167,3070)  (6172,3130)  (6227,3010)  (6227,3070)  (6232,3130)  (6287,3010)  (6287,3070)  (6292,3130)  (6347,3010)  (6347,3070)  (6352,3130)  (6407,3010)  (6407,3070)  (6412,3130)  | overflowToLeft=false
Sicily  (2868,1737)  | overflowToLeft=false
128 Sea Zone  (2793,63)  (2733,122)  (2733,62)  (2852,123)  (2793,3)  (2853,3)  (2853,63)  (2731,2)  (2673,168)  (2673,108)  (2912,123)  (2913,0)  (2913,60)  (2671,48)  (2613,168)  (2613,108)  (2973,0)  (2973,60)  (2611,48)  | overflowToLeft=false
Bryansk  (3858,778)  (3798,837)  (3798,777)  (3918,799)  | overflowToLeft=false
Tsinghai  (5253,1445)  (5193,1497)  (5193,1437)  (5304,1505)  (5253,1385)  (5313,1385)  (5313,1445)  (5244,1557)  (5133,1401)  (5237,1325)  (5297,1325)  (5373,1466)  (5268,1617)  | overflowToLeft=false
26 Sea Zone  (7913,1391)  (7853,1450)  (7853,1390)  (7972,1451)  (7913,1331)  (7973,1331)  (7973,1391)  (7851,1330)  (7912,1510)  (7852,1510)  (7793,1450)  (7793,1390)  (8032,1451)  (8032,1511)  (7972,1511)  (7792,1511)  (7911,1271)  (7971,1271)  (8031,1271)  (8033,1331)  (8033,1391)  (7791,1330)  (7791,1270)  (7851,1270)  (8091,1213)  (7912,1570)  (7852,1570)  (7733,1451)  (7733,1391)  (8092,1451)  (8092,1511)  (7792,1571)  (7732,1571)  (7732,1511)  (7911,1211)  (7971,1211)  (8031,1211)  (8093,1273)  (8093,1333)  (7731,1331)  (7731,1271)  (7731,1211)  (7791,1210)  (7851,1210)  (8091,1153)  (8151,1153)  (8151,1213)  (7931,1630)  (7871,1630)  (8152,1393)  (8152,1453)  (8152,1513)  | overflowToLeft=false
7 Sea Zone  (7085,1132)  (7025,1191)  (7025,1100)  (7144,1192)  (7085,1072)  (7145,1072)  (7145,1132)  (7084,1251)  (7024,1251)  (7170,1252)  (6964,1252)  (7051,1012)  (7111,1012)  (7110,1311)  (7050,1311)  (7170,1312)  (6990,1312)  (6930,1312)  (6904,1252)  (7069,952)  (7129,952)  (6870,1346)  (7110,1371)  (7050,1371)  (7170,1372)  (6990,1372)  (6930,1372)  (6844,1286)  (7068,892)  (7128,892)  (6870,1406)  (6810,1406)  (6810,1346)  (7170,1432)  (7028,1432)  (6968,1432)  (7046,832)  (7106,832)  (7166,832)  (6750,1443)  (6750,1383)  (6750,1323)  (7080,772)  (7140,772)  (6690,1443)  (6690,1383)  (7167,712)  (6630,1443)  (6630,1383)  | overflowToLeft=false
2 Sea Zone  (8174,114)  (8174,174)  (8174,234)  (8174,294)  (8174,354)  (8234,272)  (8234,332)  (8234,392)  (8294,274)  (8294,334)  (8354,335)  | overflowToLeft=false
Western United States  (9082,718)  (9022,777)  (9022,717)  (9141,778)  (9082,658)  (9142,658)  (9142,718)  (9020,657)  (9081,837)  (9021,837)  (8962,777)  (8962,717)  (9190,838)  (8961,838)  (9080,598)  (9140,598)  (8973,597)  | overflowToLeft=false
Central America  (570,1730)  (510,1707)  (567,1790)  | overflowToLeft=false
Gibraltar  (2123,1736)  | overflowToLeft=false
Cyprus  (3554,1821)  | overflowToLeft=false
35 Sea Zone  (6766,2249)  (6766,2309)  (6766,2369)  (6766,2429)  (6766,2567)  (6766,2627)  (6789,2489)  (6826,2249)  (6826,2309)  (6826,2369)  (6826,2429)  (6826,2549)  (6826,2609)  (6826,2669)  (6849,2489)  (6886,2249)  (6886,2309)  (6886,2369)  (6886,2429)  (6886,2549)  (6886,2609)  (6886,2669)  (6909,2489)  (6946,2249)  (6946,2309)  (6946,2369)  (6946,2429)  (6946,2549)  (6946,2609)  (6946,2669)  (6969,2489)  (7006,2249)  (7006,2379)  (7006,2549)  (7006,2609)  (7006,2669)  (7029,2439)  (7066,2249)  (7066,2499)  (7066,2559)  (7066,2619)  (7066,2679)  (7085,2309)  (7126,2249)  (7126,2443)  (7126,2503)  (7126,2563)  (7126,2623)  (7139,2369)  (7145,2309)  | overflowToLeft=false
81 Sea Zone  (4495,2619)  (4435,2678)  (4435,2618)  (4554,2679)  (4495,2559)  (4555,2559)  (4555,2619)  (4433,2558)  (4494,2738)  (4434,2738)  (4614,2725)  (4554,2739)  (4493,2499)  (4396,2498)  (4456,2439)  | overflowToLeft=false
44 Sea Zone  (5830,2934)  (5890,2945)  (5770,2950)  (5950,2917)  (5710,2950)  (5694,2890)  (5992,2834)  (5684,2744)  | overflowToLeft=false
Davao  (6367,2427)  | overflowToLeft=false
Smolensk  (3843,626)  (3783,674)  (3875,566)  | overflowToLeft=false
Paulau  (6736,2515)  | overflowToLeft=false
53 Sea Zone  (8876,3619)  (8816,3678)  (8816,3618)  (8935,3679)  (8876,3559)  (8936,3559)  (8936,3619)  (8814,3558)  (8875,3738)  (8815,3738)  (8756,3678)  (8756,3618)  (8995,3679)  (8995,3739)  (8935,3739)  (8755,3739)  (8874,3499)  (8934,3499)  (8994,3499)  (8996,3559)  (8996,3619)  (8754,3558)  (8754,3498)  (8814,3498)  (9054,3441)  (8696,3679)  (8696,3619)  (9055,3679)  (9055,3739)  (8695,3796)  (8874,3439)  (8934,3439)  (8994,3439)  (9056,3501)  (9056,3561)  (8694,3559)  (8694,3499)  (8694,3439)  (8754,3438)  (8814,3438)  (9054,3381)  (9114,3381)  (9114,3441)  (8636,3736)  (8636,3676)  (9115,3621)  (9115,3681)  (9115,3741)  (8635,3796)  (8653,3379)  (8874,3379)  (8934,3379)  (8994,3379)  (9116,3501)  (9116,3561)  | overflowToLeft=false
Iceland  (1859,59)  | overflowToLeft=false
72 Sea Zone  (2681,3617)  (2621,3676)  (2621,3616)  (2740,3677)  (2681,3557)  (2741,3557)  (2741,3617)  (2619,3556)  (2680,3736)  (2620,3736)  (2561,3676)  (2561,3616)  (2800,3677)  (2800,3737)  (2740,3737)  (2560,3737)  (2679,3497)  (2739,3497)  (2799,3497)  (2801,3557)  (2801,3617)  (2559,3556)  (2559,3496)  (2619,3496)  (2680,3796)  (2620,3796)  (2501,3677)  (2501,3617)  (2860,3677)  (2860,3737)  (2500,3796)  (2679,3437)  (2739,3437)  (2499,3557)  (2499,3497)  (2499,3437)  (2559,3436)  (2619,3436)  (2920,3795)  (2445,3377)  (2679,3377)  (2739,3377)  (2505,3376)  (2565,3376)  (2445,3317)  (2625,3317)  (2685,3317)  (2505,3316)  (2565,3316)  | overflowToLeft=false
Southern Manchuria  (6067,800)  (6007,859)  (6007,799)  (6126,860)  (6067,740)  (6127,740)  (6127,800)  (6005,739)  (6066,919)  (5947,880)  (5947,820)  (6186,867)  (6126,920)  (6134,680)  (6187,740)  (5945,718)  (6194,675)  | overflowToLeft=false
Yugoslavia  (3085,1324)  (3025,1383)  (3025,1323)  (3145,1278)  (3145,1338)  (3205,1297)  (3221,1357)  | overflowToLeft=false
Yakut S.S.R.  (5590,203)  (5530,262)  (5649,263)  (5531,143)  (5591,143)  (5650,203)  (5651,142)  (5589,322)  (5529,322)  (5651,323)  (5563,83)  (5710,202)  (5623,82)  (5683,82)  (5711,142)  (5743,50)  (5532,382)  (5570,22)  (5630,22)  (5771,110)  (5803,1)  (5679,437)  (5472,441)  (5831,61)  (5619,463)  (5559,481)  (5499,501)  (5439,501)  (5638,523)  (5578,541)  | overflowToLeft=false
Portuguese  (1939,2284)  | overflowToLeft=false
Belgian Congo  (3094,3110)  (3034,3169)  (3034,3109)  (3153,3170)  (3094,3050)  (3154,3050)  (3154,3110)  (3032,3049)  (3093,3229)  (3033,3229)  (3213,3198)  (3153,3230)  (2973,3230)  (3092,2990)  (3152,2990)  (3214,3053)  (2994,2989)  (3229,3258)  (3093,3289)  (3169,3290)  | overflowToLeft=false
103 Sea Zone  (3817,1473)  (3757,1504)  (3757,1444)  (3876,1533)  (3817,1413)  | overflowToLeft=false
63 Sea Zone  (6727,3699)  (6667,3758)  (6667,3698)  (6786,3759)  (6727,3639)  (6787,3639)  (6787,3699)  (6665,3638)  (6607,3796)  (6607,3736)  (6846,3759)  (6847,3677)  (6605,3676)  | overflowToLeft=false
Brazil  (1265,2370)  (1205,2429)  (1205,2369)  (1324,2430)  (1265,2310)  (1325,2310)  (1325,2370)  (1203,2309)  (1264,2489)  (1204,2489)  (1145,2429)  (1145,2369)  (1384,2430)  (1384,2490)  (1324,2490)  (1144,2490)  (1263,2250)  (1323,2250)  (1385,2253)  (1385,2313)  (1143,2309)  (1143,2249)  (1203,2249)  (1264,2549)  (1204,2549)  (1085,2416)  (1444,2373)  (1444,2433)  (1444,2493)  (1384,2550)  (1324,2550)  (1144,2550)  (1263,2190)  (1445,2257)  (1083,2356)  (1083,2296)  (1083,2236)  (1143,2189)  (1203,2189)  (1447,2553)  (1070,2176)  (1264,2609)  (1204,2609)  (1504,2317)  (1504,2377)  (1387,2610)  (1327,2610)  (1144,2610)  (1023,2356)  (1023,2296)  (1023,2236)  | overflowToLeft=false
Iwo Jima  (7088,1469)  | overflowToLeft=false
Algeria  (2424,1937)  (2364,1996)  (2364,1936)  (2483,1997)  (2424,1877)  (2484,1877)  (2484,1937)  (2362,1876)  (2423,2056)  (2363,2056)  (2304,1996)  (2543,1997)  (2543,2057)  (2483,2057)  (2303,2057)  (2544,1856)  (2423,2116)  (2363,2116)  (2244,1997)  (2590,2117)  (2530,2117)  (2470,2176)  (2410,2176)  (2605,2177)  (2545,2177)  (2485,2236)  (2425,2236)  (2545,2237)  | overflowToLeft=false
Alexandria  (3310,2096)  (3250,2038)  (3358,2156)  (3298,2156)  (3310,2036)  (3368,2216)  (3308,2216)  | overflowToLeft=false
Midway  (7659,1467)  | overflowToLeft=false
112 Sea Zone  (2075,701)  (2015,760)  (2015,700)  (2135,660)  (2078,812)  (2018,820)  (2234,547)  | overflowToLeft=false
Alberta Saskatchewan Manitoba  (145,286)  (85,345)  (85,285)  (204,346)  (145,226)  (205,226)  (205,286)  (83,225)  (144,405)  (84,405)  (25,345)  (25,285)  (264,346)  (264,406)  (204,406)  (24,406)  (143,166)  (203,166)  (263,166)  (265,226)  (265,286)  (23,225)  (23,165)  (83,165)  (323,108)  (144,465)  (84,465)  (324,346)  (324,406)  (324,466)  (264,466)  (204,466)  (24,466)  (143,106)  (203,106)  (263,106)  (325,168)  (325,228)  (1,105)  (61,105)  (323,48)  (383,48)  (383,108)  (384,395)  (384,455)  (384,515)  (324,526)  (264,526)  (121,46)  (181,46)  (241,46)  (385,168)  | overflowToLeft=false
Colombia  (762,2080)  (702,2139)  (821,2140)  (737,2020)  (797,2020)  | overflowToLeft=false
Ecuador  (647,2242)  | overflowToLeft=false
5 Sea Zone  (7017,427)  (6957,486)  (6957,426)  (7076,487)  (7017,367)  (7077,367)  (7077,427)  (6955,366)  (6932,546)  (6897,486)  (7136,487)  (7136,547)  (7076,547)  (7015,307)  (7075,307)  (7135,307)  (7137,367)  (7137,427)  (6872,571)  (6943,606)  (6883,631)  (6823,631)  (6891,691)  (6831,691)  (6771,691)  (6826,751)  (6766,751)  (6706,786)  | overflowToLeft=false
16 Sea Zone  (7886,890)  (7826,949)  (7826,889)  (7945,950)  (7886,830)  (7946,830)  (7946,890)  (7824,829)  (7885,1009)  (7825,1009)  (7766,949)  (7766,889)  (8005,950)  (8005,1010)  (7945,1010)  (7765,1010)  (7884,770)  (7944,770)  (8004,770)  (8006,830)  (8006,890)  (7764,829)  (7764,769)  (7824,769)  (7885,1069)  (7825,1069)  (7706,950)  (7706,890)  (8060,1070)  (8000,1070)  (7765,1070)  (7705,1070)  (7705,1010)  (7884,710)  (7944,710)  (8004,710)  (7704,830)  (7704,770)  (7704,710)  (7764,709)  (7824,709)  | overflowToLeft=false
Eastern United States  (688,914)  (628,973)  (628,913)  (747,974)  (688,854)  (748,854)  (748,914)  (626,853)  (687,1033)  (627,1033)  (568,973)  (758,1034)  (567,1034)  (751,794)  (808,854)  (811,791)  (694,1093)  (634,1093)  (574,1094)  (871,758)  (871,818)  (644,1153)  (584,1154)  (931,717)  | overflowToLeft=false
Chahar  (5719,1068)  (5659,1116)  (5756,1128)  (5732,1008)  (5779,1068)  (5792,995)  (5614,1176)  | overflowToLeft=false
Hopei  (5485,1619)  (5425,1643)  (5425,1583)  (5544,1679)  (5543,1559)  (5545,1619)  (5484,1703)  (5365,1610)  | overflowToLeft=false
Tambov  (4099,973)  (4108,1033)  | overflowToLeft=false
126 Sea Zone  (1641,1)  (1641,61)  (1701,1)  (1701,61)  (1961,1)  (1963,89)  | overflowToLeft=false
69 Sea Zone  (1350,3488)  (1290,3547)  (1290,3487)  (1409,3548)  (1350,3428)  (1410,3428)  (1410,3488)  (1288,3427)  (1349,3607)  (1289,3607)  (1230,3547)  (1230,3487)  (1469,3548)  (1469,3608)  (1409,3608)  (1229,3608)  (1348,3368)  (1408,3368)  (1468,3368)  (1470,3428)  (1470,3488)  (1228,3427)  (1228,3367)  (1288,3367)  (1528,3310)  (1349,3667)  (1289,3667)  (1170,3548)  (1170,3488)  (1529,3548)  (1529,3608)  (1529,3668)  (1469,3668)  (1409,3668)  (1229,3668)  (1169,3668)  (1169,3608)  (1348,3308)  (1408,3308)  (1468,3308)  (1530,3370)  (1530,3430)  (1168,3428)  (1168,3368)  (1168,3308)  (1228,3307)  (1288,3307)  (1528,3250)  (1349,3727)  (1289,3727)  (1567,3728)  (1507,3728)  (1447,3728)  (1229,3728)  (1169,3728)  | overflowToLeft=false
34 Sea Zone  (7335,2450)  (7275,2509)  (7275,2449)  (7394,2510)  (7335,2390)  (7395,2390)  (7395,2450)  (7273,2389)  (7334,2569)  (7274,2569)  (7427,2570)  (7333,2330)  (7393,2330)  (7245,2329)  (7367,2629)  (7307,2629)  (7247,2629)  (7427,2630)  (7305,2270)  (7365,2270)  (7425,2270)  (7223,2269)  | overflowToLeft=false
Eastern Poland  (3422,898)  (3362,952)  (3362,892)  (3465,958)  (3422,838)  (3482,806)  (3405,1012)  | overflowToLeft=false
Eastern India  (4809,2345)  (4749,2404)  (4820,2285)  (4880,2274)  (4721,2464)  (4842,2214)  (4902,2214)  (4962,2192)  (4870,2154)  (4706,2554)  (4930,2132)  (5022,2146)  | overflowToLeft=false
Shansi  (5613,1303)  (5645,1363)  (5670,1243)  | overflowToLeft=false
Soviet Far East  (7553,59)  (7493,118)  (7493,58)  (7571,119)  (7613,1)  (7631,61)  (7436,178)  (7433,118)  (7433,58)  (7673,1)  (7691,61)  (7376,198)  (7373,138)  (7373,78)  (7373,18)  (7733,1)  (7751,61)  (7793,1)  (7811,61)  (7253,320)  (7853,1)  (7871,61)  | overflowToLeft=false
New Guinea  (6976,2911)  (7036,2920)  | overflowToLeft=false
82 Sea Zone  (4180,2580)  (4120,2639)  (4120,2579)  (4239,2640)  (4180,2520)  (4240,2520)  (4240,2580)  (4118,2519)  (4179,2699)  (4119,2699)  (4060,2639)  (4060,2579)  (4299,2640)  (4299,2700)  (4239,2700)  (4059,2700)  (4182,2460)  (4242,2460)  (4300,2520)  (4300,2580)  (4302,2458)  (4179,2759)  (4119,2759)  (4323,2760)  (4263,2760)  (4059,2760)  (4258,2398)  (4318,2398)  | overflowToLeft=false
Okinawa  (6269,1544)  | overflowToLeft=false
131 Sea Zone  (4205,1584)  (4169,1522)  (4244,1677)  (4265,1737)  | overflowToLeft=false
Tsagaan Olom  (5322,980)  (5262,1039)  (5262,979)  (5381,1040)  (5322,920)  (5382,920)  (5382,980)  (5260,919)  | overflowToLeft=false
119 Sea Zone  (1208,356)  (1148,399)  (1148,339)  (1267,416)  (1208,296)  (1268,296)  (1268,356)  (1088,379)  (1088,319)  (1327,416)  (1327,476)  (1267,476)  (1241,236)  (1301,236)  (1328,296)  (1328,356)  (1028,317)  (1303,176)  | overflowToLeft=false
Honan  (5514,1421)  (5454,1415)  (5568,1481)  (5508,1481)  (5450,1355)  | overflowToLeft=false
Afghanistan  (4469,1914)  (4409,1973)  (4491,1974)  (4446,1854)  (4506,1854)  (4529,1914)  (4566,1817)  (4626,1763)  | overflowToLeft=false
New South Wales  (7069,3539)  (7009,3561)  (7009,3501)  (7069,3479)  (7129,3479)  (7129,3539)  (7189,3484)  (7189,3544)  | overflowToLeft=false
French Guiana  (1230,2098)  | overflowToLeft=false
107 Sea Zone  (1967,1163)  (1907,1222)  (1907,1162)  (2026,1223)  (1967,1103)  (2027,1103)  (2027,1163)  (1905,1102)  (1958,1282)  (1898,1282)  (2082,1283)  (1965,1043)  (2025,1043)  (1853,1042)  (1934,1342)  (1874,1342)  (1913,983)  (1973,983)  (2033,983)  (1853,982)  (2093,938)  (1935,1402)  (1875,1402)  (1913,923)  (1973,923)  (2033,923)  (1853,922)  (1945,1462)  (1885,1462)  | overflowToLeft=false
Scotland  (2371,358)  (2371,418)  (2404,478)  | overflowToLeft=false
113 Sea Zone  (2302,842)  (2242,882)  (2361,902)  (2362,837)  (2422,839)  (2482,839)  (2533,611)  (2545,732)  (2549,671)  (2593,572)  (2609,632)  (2609,692)  (2669,659)  | overflowToLeft=false
12 Sea Zone  (9028,1546)  (8968,1605)  (8968,1545)  (9087,1606)  (9028,1486)  (9088,1486)  (9088,1546)  (8966,1485)  (9027,1665)  (8967,1665)  (8908,1605)  (8908,1545)  (9147,1606)  (9147,1666)  (9087,1666)  (8907,1666)  (9026,1426)  (9086,1426)  (9146,1426)  (9148,1486)  (9148,1546)  (8906,1485)  (8906,1425)  (8966,1425)  (9027,1725)  (8967,1725)  (9190,1726)  (9130,1726)  (8907,1726)  | overflowToLeft=false
French Madagascar  (3776,3537)  (3716,3596)  (3716,3536)  (3818,3597)  (3776,3477)  (3836,3477)  (3836,3537)  (3758,3656)  (3698,3656)  (3877,3417)  (3750,3716)  (3690,3716)  | overflowToLeft=false
1 Sea Zone  (8742,384)  (8682,443)  (8682,383)  (8801,444)  (8742,324)  (8802,324)  (8802,384)  (8680,323)  (8622,479)  (8622,419)  (8861,444)  (8740,264)  (8862,294)  (8862,354)  (8620,359)  (8620,299)  (8680,263)  (8562,479)  (8562,419)  (8921,432)  | overflowToLeft=false
88 Sea Zone  (1648,2334)  (1682,2394)  (1622,2274)  (1682,2274)  (1622,2417)  (1562,2226)  (1682,2454)  (1622,2214)  (1682,2214)  (1622,2477)  (1562,2479)  (1502,2193)  (1636,2537)  (1576,2539)  (1442,2181)  (1573,2599)  | overflowToLeft=false
Hainan  (5716,2341)  | overflowToLeft=false
79 Sea Zone  (4229,2997)  (4169,3056)  (4169,2996)  (4288,3057)  (4229,2937)  (4289,2937)  (4289,2997)  (4167,2936)  (4228,3116)  (4168,3116)  (4109,3056)  (4109,2996)  (4348,3057)  (4348,3117)  (4288,3117)  (4108,3117)  (4227,2877)  (4287,2877)  (4347,2877)  (4349,2937)  (4349,2997)  (4107,2936)  (4107,2876)  (4167,2876)  (4407,2821)  (4228,3176)  (4168,3176)  (4049,3057)  (4049,2997)  (4408,3057)  (4408,3117)  (4408,3177)  (4348,3177)  (4288,3177)  (4108,3177)  (4048,3177)  (4048,3117)  (4409,2881)  (4409,2941)  (4047,2937)  (4047,2877)  | overflowToLeft=false
Russia  (4089,556)  (4029,615)  (4029,555)  (4148,616)  (4089,496)  (4149,496)  (4149,556)  (3969,648)  (3969,588)  (4209,527)  (4209,587)  | overflowToLeft=false
Karelia  (3457,261)  (3487,321)  (3445,112)  (3355,103)  | overflowToLeft=false
Kiangsu  (5960,1615)  (5988,1675)  (5928,1675)  (5922,1555)  (5982,1555)  (6020,1615)  | overflowToLeft=false
Kursk  (3937,943)  (3877,956)  (3995,1003)  (3997,920)  | overflowToLeft=false
Kiangsi  (5752,1754)  (5692,1759)  (5787,1814)  (5779,1694)  (5727,1819)  (5839,1683)  (5660,1699)  (5783,1879)  | overflowToLeft=false
Alaska  (8618,72)  (8558,131)  (8558,71)  (8677,132)  (8618,12)  (8678,12)  (8678,72)  (8556,11)  (8540,191)  (8498,131)  (8498,71)  (8737,132)  (8738,1)  (8738,61)  (8496,11)  (8480,209)  (8779,192)  (8438,149)  (8438,89)  (8797,121)  (8798,1)  (8798,61)  (8436,29)  (8492,269)  (8420,252)  (8839,181)  (8378,192)  (8378,132)  (8857,121)  (8858,1)  (8858,61)  (8376,10)  (8899,181)  (8318,192)  (8917,121)  (8918,1)  (8918,61)  (8316,9)  (8957,262)  (8967,322)  | overflowToLeft=false
Northern Manchuria  (6219,541)  (6159,579)  (6159,519)  (6278,601)  (6219,481)  (6279,532)  (6136,459)  (6099,616)  (6099,556)  (6338,592)  (6338,652)  (6196,421)  (6389,712)  (6039,631)  (6398,628)  (6329,756)  (6449,688)  (6419,772)  (6458,628)  (6269,804)  (6359,816)  (6420,832)  (6299,864)  | overflowToLeft=false
129 Sea Zone  (3111,-14)  | overflowToLeft=false
Korea  (6411,1015)  (6351,1014)  (6470,1075)  (6349,954)  (6410,1100)  (6490,884)  | overflowToLeft=false
Romania  (3352,1266)  (3412,1278)  (3352,1326)  (3434,1338)  (3454,1201)  (3472,1261)  | overflowToLeft=false
Hunan  (5599,1875)  (5539,1861)  (5658,1935)  (5598,1935)  (5599,1815)  | overflowToLeft=false
Quebec  (811,509)  (751,568)  (751,508)  (870,569)  (811,449)  (871,481)  (749,448)  (810,628)  (750,628)  (930,566)  (809,389)  (869,368)  (748,360)  (808,329)  (728,300)  | overflowToLeft=false
Uzbekistan  (4477,1559)  (4417,1572)  (4417,1512)  (4536,1619)  (4537,1542)  (4357,1574)  (4596,1602)  (4596,1662)  | overflowToLeft=false
31 Sea Zone  (8129,2428)  (8069,2487)  (8069,2427)  (8188,2488)  (8129,2368)  (8189,2368)  (8189,2428)  (8067,2367)  (8128,2547)  (8068,2547)  (8009,2487)  (8009,2427)  (8248,2488)  (8248,2548)  (8188,2548)  (8008,2548)  (8127,2308)  (8187,2308)  (8247,2308)  (8249,2368)  (8249,2428)  (8007,2367)  (8007,2307)  (8067,2307)  (8307,2250)  (8128,2607)  (8068,2607)  (7949,2488)  (7949,2428)  (8308,2488)  (8308,2548)  (8308,2608)  (8248,2608)  (8188,2608)  (8008,2608)  (7948,2608)  (7948,2548)  (8127,2248)  (8187,2248)  (8247,2248)  (8309,2310)  (8309,2370)  (7947,2368)  (7947,2308)  (7947,2248)  (8007,2247)  (8067,2247)  (8128,2667)  (8068,2667)  (7889,2488)  (7889,2428)  | overflowToLeft=false
Northeast Persia  (4250,1899)  (4190,1958)  (4190,1898)  (4309,1959)  (4250,1839)  (4310,1839)  (4310,1899)  (4188,1838)  (4130,1977)  (4130,1917)  | overflowToLeft=false
8 Sea Zone  (7430,689)  (7370,748)  (7370,688)  (7489,749)  (7430,629)  (7490,629)  (7490,689)  (7368,628)  (7429,808)  (7369,808)  (7310,748)  (7310,688)  (7549,749)  (7549,809)  (7489,809)  (7309,809)  (7550,571)  (7550,631)  (7308,628)  (7250,749)  (7250,689)  (7609,691)  (7609,751)  (7609,811)  (7249,833)  (7610,571)  (7610,631)  (7248,629)  | overflowToLeft=false
19 Sea Zone  (6751,1577)  (6691,1636)  (6691,1576)  (6810,1637)  (6751,1517)  (6811,1517)  (6811,1577)  (6689,1516)  (6631,1666)  (6631,1606)  (6870,1637)  (6871,1503)  (6871,1563)  (6629,1546)  (6930,1623)  (6931,1503)  (6931,1563)  | overflowToLeft=false
25 Sea Zone  (7512,1456)  (7452,1515)  (7452,1455)  (7571,1516)  (7512,1396)  (7572,1396)  (7572,1456)  (7450,1395)  (7511,1575)  (7451,1575)  (7631,1531)  (7571,1576)  (7510,1336)  (7570,1336)  (7630,1336)  (7632,1396)  (7398,1335)  (7641,1591)  (7511,1635)  (7451,1635)  (7581,1636)  (7458,1276)  (7518,1276)  (7578,1276)  (7638,1276)  (7398,1275)  (7641,1651)  | overflowToLeft=false
Slovakia Hungary  (3189,1133)  (3249,1107)  (3230,1193)  (3170,1193)  (3309,1112)  | overflowToLeft=false
66 Sea Zone  (260,2055)  (200,2114)  (200,2054)  (319,2115)  (260,1995)  (320,1995)  (320,2055)  (198,1994)  (259,2174)  (199,2174)  (140,2114)  (140,2054)  (379,2115)  (379,2175)  (319,2175)  (139,2175)  (258,1935)  (318,1935)  (378,1935)  (380,1995)  (380,2055)  (138,1994)  (138,1934)  (198,1934)  (438,1877)  (259,2234)  (199,2234)  (80,2115)  (80,2055)  (439,2115)  (439,2175)  (439,2235)  (379,2235)  (319,2235)  (139,2235)  (79,2235)  (79,2175)  (258,1875)  (318,1875)  (378,1875)  (440,1937)  (440,1997)  (78,1995)  (78,1935)  (78,1875)  (138,1874)  (198,1874)  (438,1817)  (498,1817)  (498,1877)  (259,2294)  (199,2294)  (20,2115)  (20,2055)  | overflowToLeft=false
122 Sea Zone  (2113,301)  (2053,360)  (2053,300)  (2172,361)  (2113,241)  (2173,241)  (2173,301)  (2051,240)  (2065,420)  (2005,420)  (1993,360)  (1993,300)  (2232,361)  (2111,181)  (2171,181)  (2231,181)  (2233,241)  (2233,301)  (1991,240)  (1991,180)  (2051,180)  (2293,275)  | overflowToLeft=false
85 Sea Zone  (2112,2913)  (2052,2972)  (2052,2912)  (2171,2973)  (2112,2853)  (2172,2853)  (2172,2913)  (2050,2852)  (2111,3032)  (2051,3032)  (1992,2972)  (1992,2912)  (2231,2973)  (2231,3033)  (2171,3033)  (1991,3033)  (2110,2793)  (2170,2793)  (2230,2793)  (2232,2853)  (2232,2913)  (1990,2852)  (1990,2792)  (2050,2792)  (2111,3092)  (2051,3092)  (2254,3093)  (2194,3093)  (1991,3093)  (2110,2733)  (2170,2733)  (2230,2733)  (1972,2732)  (2032,2732)  (2134,3152)  (2074,3152)  (2254,3153)  (2194,3153)  (2014,3153)  (2092,2673)  (2152,2673)  (2212,2673)  (1972,2672)  (2032,2672)  (2134,3212)  (2074,3212)  (2254,3213)  (2194,3213)  (2014,3213)  (1972,2612)  (2032,2612)  | overflowToLeft=false
50 Sea Zone  (7636,2917)  (7576,2976)  (7576,2916)  (7695,2977)  (7636,2857)  (7696,2857)  (7696,2917)  (7574,2856)  (7635,3036)  (7575,3036)  (7516,2976)  (7516,2916)  (7755,2977)  (7755,3037)  (7695,3037)  (7515,3037)  (7634,2797)  (7694,2797)  (7754,2797)  (7756,2857)  (7756,2917)  (7514,2856)  (7514,2796)  (7574,2796)  (7814,2772)  (7456,2971)  (7815,2977)  (7815,3037)  (7816,2832)  (7816,2892)  (7454,2911)  (7454,2851)  (7874,2772)  (7875,2952)  (7875,3012)  (7875,3072)  (7876,2832)  (7876,2892)  (7394,2954)  (7394,2894)  (7334,2921)  | overflowToLeft=false
91 Sea Zone  (280,1330)  (287,1390)  (311,1450)  (371,1418)  (521,1604)  (540,1534)  (581,1594)  (633,1842)  (641,1597)  (650,1773)  (661,1657)  (693,1833)  (701,1544)  (710,1717)  (721,1647)  (753,1777)  (770,1707)  (785,1451)  (792,1647)  (813,1767)  (830,1707)  (845,1451)  (873,1767)  (886,1511)  (890,1664)  (905,1451)  (933,1724)  (933,1784)  (965,1454)  (981,1844)  (993,1700)  (993,1760)  (1024,1514)  (1041,1820)  (1053,1715)  (1067,1574)  (1101,1809)  (1127,1550)  (1127,1610)  (1161,1770)  (1161,1830)  (1187,1550)  (1187,1610)  (1199,1670)  (1221,1730)  (1221,1790)  (1247,1550)  (1247,1610)  (1259,1670)  (1281,1730)  (1281,1790)  | overflowToLeft=false
Archangel  (3670,216)  (3610,275)  (3610,215)  (3691,276)  (3679,156)  (3739,147)  (3631,335)  (3799,103)  | overflowToLeft=false
116 Sea Zone  (2971,669)  (2911,703)  | overflowToLeft=false
Marianas  (6864,1899)  | overflowToLeft=false
Angola  (2955,3420)  (2895,3479)  (2895,3419)  (3014,3480)  (2955,3360)  (3015,3360)  (3015,3420)  (2893,3359)  (2833,3358)  | overflowToLeft=false
124 Sea Zone  (1004,194)  (944,231)  (944,171)  (1064,209)  (920,111)  (884,287)  (884,227)  (1124,214)  (862,19)  (1212,76)  (1218,136)  (731,188)  | overflowToLeft=false
Siam  (5320,2438)  (5377,2498)  (5317,2498)  (5272,2378)  (5332,2378)  (5437,2523)  (5377,2558)  (5317,2558)  (5289,2318)  (5349,2318)  (5446,2583)  (5459,2643)  | overflowToLeft=false
93 Sea Zone  (1895,1833)  (1835,1892)  (1835,1832)  (1954,1893)  (1895,1773)  (1955,1773)  (1955,1833)  (1833,1772)  (1894,1952)  (1834,1952)  (1775,1892)  (1775,1832)  (1983,1953)  (1774,1953)  (1893,1713)  (2015,1766)  (2015,1826)  (1773,1772)  (1773,1712)  (1833,1712)  (1923,2012)  (1863,2012)  (1803,2013)  (1743,2013)  (1893,1653)  (1742,1652)  (1802,1652)  (1862,1593)  (1742,1592)  (1802,1592)  | overflowToLeft=false
Shantung  (5927,1329)  (5867,1360)  (5943,1389)  (5921,1269)  (5981,1269)  (5883,1420)  (6041,1253)  (5979,1449)  (5972,1209)  | overflowToLeft=false
29 Sea Zone  (9043,2153)  (8983,2212)  (8983,2152)  (9102,2213)  (9043,2093)  (9103,2093)  (9103,2153)  (8981,2092)  (9042,2272)  (8982,2272)  (8923,2212)  (8923,2152)  (9162,2213)  (9162,2273)  (9102,2273)  (8922,2273)  (9041,2033)  (9101,2033)  (9161,2033)  (9163,2093)  (9163,2153)  (8921,2092)  (8921,2032)  (8981,2032)  (9042,2332)  (8982,2332)  (8863,2213)  (8863,2153)  (9190,2333)  (9130,2333)  (8922,2333)  (8862,2333)  (8862,2273)  (9041,1973)  (9101,1973)  (9161,1973)  (8861,2093)  (8861,2033)  (8861,1973)  (8921,1972)  (8981,1972)  (9070,2392)  (9010,2392)  (9190,2393)  (9130,2393)  (8950,2393)  (8890,2393)  (8861,1913)  (9041,1913)  (9101,1913)  (9161,1913)  | overflowToLeft=false
Tibet  (5042,1679)  (4982,1738)  (4982,1678)  (5101,1739)  (5042,1619)  (5102,1619)  (5102,1679)  (4980,1618)  (5041,1798)  (4922,1709)  (5161,1739)  (5161,1799)  (5101,1799)  (5040,1559)  (5100,1559)  (5162,1671)  (4920,1649)  (4920,1589)  (4980,1558)  (5221,1731)  (5221,1791)  (4860,1611)  (4860,1551)  (5281,1809)  | overflowToLeft=false
Portugal  (2003,1548)  (2016,1608)  (2014,1488)  (2010,1668)  | overflowToLeft=false
Yaroslavl  (3979,376)  (3919,435)  (3967,316)  (4027,316)  (4039,376)  | overflowToLeft=false
Tanganyika Territory  (3422,3210)  (3362,3269)  (3362,3209)  (3481,3270)  (3422,3150)  (3482,3150)  (3482,3210)  (3360,3149)  (3302,3278)  (3302,3218)  (3541,3270)  (3542,3167)  (3300,3158)  | overflowToLeft=false
47 Sea Zone  (7053,2823)  (6993,2825)  (6993,2765)  (7053,2763)  (7113,2784)  (7148,2917)  (6933,2813)  (6933,2753)  (7208,2919)  | overflowToLeft=false
Greece  (3256,1649)  (3289,1574)  (3349,1568)  | overflowToLeft=false
Bessarabia  (3529,1179)  (3545,1239)  (3570,1299)  | overflowToLeft=false
3 Sea Zone  (7938,261)  (7878,320)  (7878,260)  (7997,321)  (7938,201)  (7998,201)  (7998,261)  (7876,200)  (7937,380)  (7877,380)  (7818,320)  (7818,260)  (8057,321)  (8057,381)  (7997,381)  (7817,381)  (7936,141)  (7996,141)  (8056,141)  (8058,201)  (8058,261)  (7816,200)  (7758,321)  (7758,261)  (7757,401)  (7991,81)  (8051,81)  (7756,201)  | overflowToLeft=false
Morocco  (2136,1900)  (2196,1911)  | overflowToLeft=false
65 Sea Zone  (7638,3628)  (7578,3687)  (7578,3627)  (7697,3688)  (7638,3568)  (7698,3568)  (7698,3628)  (7576,3567)  (7637,3747)  (7577,3747)  (7518,3687)  (7518,3627)  (7757,3688)  (7751,3748)  (7517,3748)  (7636,3508)  (7696,3508)  (7756,3508)  (7758,3568)  (7758,3628)  (7516,3567)  (7516,3507)  (7576,3507)  (7816,3450)  (7458,3688)  (7458,3628)  (7457,3796)  (7636,3448)  (7696,3448)  (7756,3448)  (7818,3510)  (7818,3570)  (7818,3630)  (7456,3568)  (7456,3508)  (7456,3448)  (7516,3447)  (7576,3447)  (7869,3690)  (7876,3427)  (7398,3736)  (7398,3676)  (7397,3796)  (7878,3487)  (7878,3547)  (7878,3607)  (7396,3616)  (7396,3556)  (7396,3496)  (7396,3436)  (7902,3796)  | overflowToLeft=false
Manilla  (6239,2152)  | overflowToLeft=false
60 Sea Zone  (4993,3363)  (4933,3422)  (4933,3362)  (5052,3423)  (4993,3303)  (5053,3303)  (5053,3363)  (4931,3302)  (4992,3482)  (4932,3482)  (4873,3422)  (4873,3362)  (5112,3423)  (5112,3483)  (5052,3483)  (4872,3483)  (5113,3257)  (5113,3317)  (4871,3302)  (4813,3423)  (4813,3363)  (5172,3377)  (5172,3437)  (5172,3497)  (4812,3527)  (5173,3257)  (5173,3317)  (4811,3303)  (4753,3467)  (4753,3407)  (5232,3377)  (5232,3437)  (5232,3497)  (4752,3527)  (5233,3257)  (5233,3317)  (4751,3347)  (4751,3287)  | overflowToLeft=false
Gilbert Islands  (7704,2440)  | overflowToLeft=false
Iraq  (3868,1973)  (3808,2032)  (3808,1972)  (3927,2033)  (3868,1913)  (3928,1913)  (3928,1973)  (3911,2093)  (3940,1853)  | overflowToLeft=false
Chile  (867,2847)  (874,2745)  | overflowToLeft=false
Samara  (4421,719)  (4361,772)  (4361,712)  (4480,779)  (4421,659)  (4481,687)  (4353,652)  (4420,832)  (4496,839)  (4413,599)  (4310,592)  (4436,892)  (4516,899)  (4370,539)  (4430,539)  (4310,514)  (4456,952)  (4396,952)  (4543,959)  (4370,479)  (4430,479)  (4483,1012)  (4423,1012)  (4363,1012)  | overflowToLeft=false
106 Sea Zone  (1638,1211)  (1578,1270)  (1578,1210)  (1697,1271)  (1638,1151)  (1698,1151)  (1698,1211)  (1576,1150)  (1637,1330)  (1577,1330)  (1518,1270)  (1518,1210)  (1757,1271)  (1757,1331)  (1697,1331)  (1517,1331)  (1636,1091)  (1696,1091)  (1756,1091)  (1758,1151)  (1758,1211)  (1516,1150)  (1516,1090)  (1576,1090)  (1637,1390)  (1577,1390)  (1793,1391)  (1733,1391)  (1517,1391)  (1636,1031)  (1696,1031)  (1756,1031)  (1460,1030)  (1520,1030)  (1673,1450)  (1613,1450)  (1793,1451)  (1733,1451)  (1553,1451)  (1493,1451)  (1580,971)  (1640,971)  (1700,971)  (1760,971)  (1460,970)  (1520,970)  | overflowToLeft=false
Central India  (4715,2125)  (4655,2184)  (4655,2124)  (4767,2185)  (4715,2065)  (4775,2065)  (4775,2125)  (4707,2244)  (4647,2244)  (4681,2005)  (4741,2005)  (4695,2304)  (4684,1945)  (4744,1945)  (4681,1885)  (4741,1885)  (4705,1825)  | overflowToLeft=false
Borneo  (5841,2798)  (5781,2850)  (5874,2858)  (5885,2738)  (5901,2798)  | overflowToLeft=false
Buryatia  (5941,262)  (5881,321)  (5881,261)  (6000,322)  (5941,202)  (6001,202)  (6001,262)  (5879,201)  (5940,381)  (5880,381)  (5821,321)  (5821,261)  (6060,322)  (6007,382)  (5820,382)  (5939,142)  (5999,142)  (6059,142)  (6061,202)  (6061,262)  (5947,441)  (5887,441)  (6008,442)  (5827,442)  (5767,442)  (5760,382)  (5900,82)  (5960,82)  (6020,82)  (6080,82)  (6121,250)  (6121,310)  (5948,501)  (5888,501)  (5828,502)  (5768,502)  (5896,22)  (5956,22)  (6016,22)  (6076,22)  (5965,561)  (5905,561)  (5845,562)  (5785,562)  (5725,562)  (5780,622)  | overflowToLeft=false
114 Sea Zone  (2538,393)  (2478,452)  (2595,453)  (2515,333)  (2575,333)  (2535,512)  (2500,273)  (2560,273)  (2498,213)  (2424,191)  | overflowToLeft=false
83 Sea Zone  (3621,2248)  (3644,2376)  | overflowToLeft=false
57 Sea Zone  (6217,3285)  (6157,3344)  (6157,3284)  (6231,3345)  (6217,3225)  (6277,3225)  (6277,3285)  (6155,3224)  (6171,3404)  (6111,3404)  (6097,3344)  (6097,3284)  (6337,3193)  (6337,3253)  (6095,3224)  (6397,3193)  (6397,3253)  | overflowToLeft=false
Victoria  (7026,3650)  (6966,3640)  | overflowToLeft=false
22 Sea Zone  (6587,1727)  (6587,1787)  (6587,1847)  (6587,1907)  (6587,1967)  (6587,2027)  (6587,2087)  (6587,2147)  (6647,1727)  (6647,1787)  (6647,1847)  (6647,1907)  (6647,1967)  (6647,2027)  (6647,2087)  (6647,2147)  (6707,1727)  (6707,1787)  (6707,1847)  (6707,1907)  (6707,1967)  (6707,2064)  (6707,2124)  (6766,2184)  (6767,1727)  (6767,1787)  (6767,1847)  (6767,1907)  (6767,1967)  (6767,2027)  (6767,2087)  (6826,2147)  (6827,1727)  (6827,1787)  (6827,2050)  | overflowToLeft=false
West Indies  (966,1596)  | overflowToLeft=false
Ukraine  (3758,1171)  (3698,1230)  (3698,1170)  (3817,1231)  (3787,1111)  (3818,1171)  (3847,1082)  (3730,1290)  (3670,1290)  (3638,1230)  (3638,1170)  (3878,1142)  (3799,1022)  (3907,1074)  | overflowToLeft=false
Urals  (4632,737)  (4691,797)  (4631,797)  (4576,677)  (4636,677)  (4692,737)  (4744,857)  (4684,857)  (4624,857)  (4541,617)  (4601,617)  (4754,917)  (4694,917)  (4634,917)  (4528,557)  (4588,557)  (4648,557)  (4791,977)  (4731,977)  (4671,977)  (4611,977)  (4541,497)  (4601,497)  (4661,497)  (4745,1037)  (4685,1037)  | overflowToLeft=false
98 Sea Zone  (3020,1880)  (2960,1939)  (2960,1879)  (3080,1850)  (2900,1933)  (2900,1873)  (3140,1850)  (3200,1850)  | overflowToLeft=false
French West Africa  (2203,2303)  (2143,2362)  (2143,2302)  (2262,2363)  (2203,2243)  (2263,2243)  (2263,2303)  (2141,2242)  (2202,2422)  (2142,2422)  (2083,2362)  (2083,2302)  (2322,2363)  (2322,2423)  (2262,2423)  (2201,2183)  (2323,2256)  (2081,2242)  (2081,2182)  (2141,2182)  (2202,2482)  (2382,2317)  (2382,2377)  (2382,2437)  (2322,2483)  (2262,2483)  (2021,2217)  (2021,2157)  (2117,2122)  (2177,2122)  (2395,2497)  (2442,2359)  (2255,2543)  (1961,2204)  | overflowToLeft=false
75 Sea Zone  (4220,3681)  (4160,3740)  (4160,3680)  (4279,3741)  (4220,3621)  (4280,3621)  (4280,3681)  (4158,3620)  (4100,3796)  (4100,3736)  (4339,3741)  (4340,3587)  (4340,3647)  (4098,3676)  (4098,3616)  (4040,3796)  (4040,3736)  (4399,3707)  (4399,3767)  (4400,3587)  (4400,3647)  (4038,3676)  (4038,3616)  | overflowToLeft=false
Caroline Islands  (7193,2323)  | overflowToLeft=false
Eastern Sinkiang  (4955,1390)  (4895,1449)  (5014,1450)  (4914,1330)  (4932,1270)  | overflowToLeft=false
Trans-Jordan  (3641,2001)  (3642,2061)  | overflowToLeft=false
Peru  (818,2423)  (758,2456)  (758,2396)  (877,2483)  (878,2382)  (938,2401)  (731,2265)  | overflowToLeft=false
Vyborg  (3383,392)  (3323,444)  | overflowToLeft=false
Turkmenistan  (4392,1696)  (4332,1683)  (4449,1756)  (4452,1695)  | overflowToLeft=false
Germany  (2982,896)  (2922,955)  (3041,956)  (2969,836)  (3029,836)  (3042,896)  (3089,820)  (2981,1015)  (3101,1002)  (3041,1016)  (3138,1062)  (3078,1076)  | overflowToLeft=false
67 Sea Zone  (459,2877)  (399,2936)  (399,2876)  (518,2937)  (459,2817)  (519,2817)  (519,2877)  (397,2816)  (458,2996)  (398,2996)  (339,2936)  (339,2876)  (578,2937)  (578,2997)  (518,2997)  (338,2997)  (457,2757)  (517,2757)  (577,2757)  (579,2817)  (579,2877)  (337,2816)  (337,2756)  (397,2756)  (637,2699)  (458,3056)  (398,3056)  (279,2937)  (279,2877)  (638,2937)  (638,2997)  (638,3057)  (578,3057)  (518,3057)  (338,3057)  (278,3057)  (278,2997)  (457,2697)  (517,2697)  (577,2697)  (639,2759)  (639,2819)  (277,2817)  (277,2757)  (277,2697)  (337,2696)  (397,2696)  (637,2639)  (697,2639)  (697,2699)  (458,3116)  (398,3116)  (219,2937)  (219,2877)  | overflowToLeft=false
Crete  (3352,1851)  | overflowToLeft=false
Central Mongolia  (5552,912)  (5492,971)  (5492,911)  (5611,972)  (5552,852)  (5612,852)  (5612,912)  (5490,851)  (5551,1031)  (5491,1031)  (5614,1032)  (5550,792)  (5488,1091)  | overflowToLeft=false
101 Sea Zone  (3375,1784)  (3376,1675)  (3435,1750)  (3435,1810)  (3495,1794)  (3638,1782)  | overflowToLeft=false
Anglo-Egyptian Sudan  (3262,2494)  (3202,2553)  (3202,2493)  (3321,2554)  (3262,2434)  (3322,2434)  (3322,2494)  (3200,2433)  (3261,2613)  (3201,2613)  (3142,2553)  (3141,2614)  (3260,2374)  (3320,2374)  (3380,2374)  (3382,2434)  (3382,2494)  (3440,2316)  (3262,2673)  (3202,2673)  (3082,2554)  (3142,2674)  (3082,2674)  (3081,2614)  (3304,2314)  (3378,2314)  (3442,2376)  (3442,2436)  (3442,2496)  (3500,2311)  (3220,2733)  (3160,2734)  (3100,2734)  (3502,2371)  (3502,2431)  (3502,2491)  (3560,2310)  (3241,2793)  (3181,2794)  (3562,2370)  (3562,2430)  (3251,2853)  (3191,2854)  | overflowToLeft=false
Union of South Africa  (3236,3710)  (3176,3768)  (3176,3708)  (3294,3650)  (3296,3710)  | overflowToLeft=false
Kwangtung  (5753,2040)  (5693,2098)  (5693,2038)  (5771,2100)  (5813,1990)  | overflowToLeft=false
Fiji  (8469,2972)  | overflowToLeft=false
Gorky  (4224,293)  (4164,352)  (4164,292)  (4283,353)  (4224,233)  (4284,258)  (4162,232)  (4343,318)  | overflowToLeft=false
70 Sea Zone  (1812,3535)  (1752,3594)  (1752,3534)  (1871,3595)  (1812,3475)  (1872,3475)  (1872,3535)  (1750,3474)  (1811,3654)  (1751,3654)  (1692,3594)  (1692,3534)  (1931,3595)  (1931,3655)  (1871,3655)  (1691,3655)  (1810,3415)  (1870,3415)  (1930,3415)  (1932,3475)  (1932,3535)  (1690,3474)  (1690,3414)  (1750,3414)  (1990,3357)  (1811,3714)  (1751,3714)  (1632,3595)  (1632,3535)  (1991,3595)  (1991,3655)  (1991,3715)  (1931,3715)  (1871,3715)  (1691,3715)  (1631,3715)  (1631,3655)  (1810,3355)  (1870,3355)  (1930,3355)  (1992,3417)  (1992,3477)  (1630,3475)  (1630,3415)  (1630,3355)  (1690,3354)  (1750,3354)  (1990,3297)  (1811,3774)  (1751,3774)  (1999,3775)  (1939,3775)  (1879,3775)  (1691,3775)  (1631,3775)  | overflowToLeft=false
Jehol  (5865,1128)  (5873,1188)  (5904,1068)  (5813,1196)  (5964,1023)  (5753,1240)  (5902,1008)  (5815,1256)  (5755,1300)  (5863,948)  | overflowToLeft=false
104 Sea Zone  (863,1198)  (803,1257)  (803,1197)  (922,1258)  (863,1138)  (923,1138)  (923,1198)  (801,1137)  (862,1317)  (802,1317)  (743,1257)  (743,1197)  (963,1318)  (861,1078)  (921,1078)  (903,1377)  (843,1377)  (783,1377)  (963,1378)  (840,1018)  (900,1018)  (960,1018)  (637,1391)  (861,958)  (921,958)  (609,1331)  (581,1271)  (577,1391)  (910,898)  (549,1331)  (521,1271)  (517,1391)  (489,1331)  (429,1356)  (429,1296)  (369,1295)  | overflowToLeft=false
Formosa  (6051,1900)  | overflowToLeft=false
40 Sea Zone  (4748,2658)  (4770,2586)  (4782,2526)  (4807,2718)  (4808,2646)  (4830,2586)  (4842,2483)  (4867,2706)  (4927,2711)  | overflowToLeft=false
Central United States  (301,909)  (241,968)  (241,908)  (360,969)  (301,849)  (361,849)  (361,909)  (239,848)  (300,1028)  (240,1028)  (181,968)  (181,908)  (420,969)  (420,1029)  (360,1029)  (180,1029)  (299,789)  (359,789)  (419,789)  (421,849)  (421,909)  (179,848)  (179,788)  (239,788)  (300,1088)  (240,1088)  (121,969)  (121,909)  (480,969)  (480,1029)  (480,1089)  (420,1089)  (360,1089)  (299,729)  (359,729)  (419,729)  (481,859)  (119,849)  (119,789)  (119,729)  (179,728)  (239,728)  (300,1148)  (61,916)  (498,1149)  (438,1149)  (378,1149)  (60,669)  (299,669)  (541,846)  (59,856)  (59,796)  (59,736)  | overflowToLeft=false
New Britain  (7206,2843)  | overflowToLeft=false
39 Sea Zone  (5037,2631)  (4977,2642)  (4977,2582)  (5096,2691)  (5037,2571)  (5097,2587)  (5156,2647)  (5156,2707)  (5172,2767)  | overflowToLeft=false
24 Sea Zone  (7363,1932)  (7303,1991)  (7303,1931)  (7422,1992)  (7363,1872)  (7423,1873)  (7301,1871)  (7362,2051)  (7302,2051)  (7427,2052)  (7361,1812)  (7286,1811)  (7367,2111)  (7307,2111)  (7427,2112)  (7346,1752)  (7406,1752)  (7286,1751)  (7367,2171)  (7307,2171)  (7427,2172)  | overflowToLeft=false
Dutch New Guinea  (6744,2873)  (6834,2880)  | overflowToLeft=false
95 Sea Zone  (2352,1606)  (2407,1478)  (2467,1465)  (2467,1525)  (2477,1585)  (2527,1477)  (2537,1537)  (2537,1597)  | overflowToLeft=false
Baltic States  (3394,649)  (3334,708)  (3453,709)  (3369,589)  (3370,768)  | overflowToLeft=false
Nigeria  (2554,2568)  (2494,2598)  (2613,2628)  (2614,2543)  | overflowToLeft=false
45 Sea Zone  (6226,2892)  (6273,2812)  (6286,2945)  (6291,2742)  (6346,2940)  (6379,2827)  (6399,2742)  (6406,2944)  | overflowToLeft=false
Sardinia  (2673,1571)  | overflowToLeft=false
Uruguay  (1166,2936)  | overflowToLeft=false
United Kingdom  (2382,691)  (2322,750)  (2322,690)  (2441,751)  (2382,631)  (2442,661)  (2510,789)  | overflowToLeft=false
French Equatorial Africa  (2834,2615)  (2774,2674)  (2774,2614)  (2893,2675)  (2834,2555)  (2894,2555)  (2894,2615)  (2772,2554)  (2833,2734)  (2773,2734)  (2714,2674)  (2953,2675)  (2953,2735)  (2893,2735)  (2713,2735)  (2832,2495)  (2892,2495)  (2952,2495)  (2954,2555)  (2954,2615)  (2745,2494)  (3012,2437)  (2833,2794)  (2773,2794)  (3013,2737)  (2953,2795)  (2893,2795)  (2713,2795)  (2805,2435)  (2865,2435)  (2925,2435)  (3015,2797)  (2985,2377)  (3045,2377)  (3072,2437)  (2833,2854)  (2773,2854)  (2955,2855)  (2895,2855)  (2888,2375)  (3075,2855)  (3015,2857)  (3105,2344)  (2971,2317)  (3031,2317)  (2835,2914)  (2775,2914)  (2908,2915)  (2848,2974)  (2788,2974)  (2920,2975)  | overflowToLeft=false
Switzerland  (2691,1196)  | overflowToLeft=false
Northern Australia  (6704,3283)  (6644,3342)  (6644,3282)  (6763,3343)  (6704,3223)  (6764,3223)  (6764,3283)  (6642,3222)  (6703,3402)  (6643,3402)  (6584,3342)  (6584,3282)  (6823,3343)  (6823,3403)  (6763,3403)  (6583,3403)  (6702,3163)  (6762,3163)  (6824,3200)  (6824,3260)  (6582,3222)  (6522,3267)  | overflowToLeft=false
Samoa  (8896,3127)  | overflowToLeft=false
Vologda  (3830,284)  (3770,343)  (3843,344)  (3798,224)  (3858,224)  (3918,196)  (3783,403)  (3978,199)  | overflowToLeft=false
62 Sea Zone  (5548,3681)  (5488,3740)  (5488,3680)  (5607,3741)  (5548,3621)  (5608,3621)  (5608,3681)  (5486,3620)  (5428,3796)  (5428,3736)  (5667,3741)  (5668,3587)  (5668,3647)  (5426,3676)  (5426,3616)  (5368,3796)  (5368,3736)  (5727,3707)  (5727,3767)  (5728,3587)  (5728,3647)  (5366,3676)  (5366,3616)  (5308,3796)  (5308,3736)  (5787,3707)  (5787,3767)  (5788,3587)  (5788,3647)  (5306,3676)  (5306,3616)  (5248,3796)  (5248,3736)  (5847,3707)  (5847,3767)  (5848,3587)  (5848,3647)  (5246,3676)  (5246,3616)  (5188,3796)  (5188,3736)  (5907,3707)  (5907,3767)  (5908,3587)  (5908,3647)  (5186,3676)  (5186,3616)  (5128,3796)  (5128,3736)  (5967,3707)  (5967,3767)  | overflowToLeft=false
Venezuela  (954,1954)  (894,1970)  (894,1910)  (1012,2014)  (1014,1934)  (952,2030)  (808,1895)  | overflowToLeft=false
Liberia  (2113,2531)  | overflowToLeft=false
New Brunswick Nova Scotia  (971,653)  | overflowToLeft=false
Normandy Bordeaux  (2324,992)  (2352,1052)  (2384,989)  (2361,1112)  (2444,955)  (2355,1172)  (2511,917)  (2313,1242)  | overflowToLeft=false
Penza  (4230,737)  (4170,770)  (4260,797)  (4249,677)  (4290,737)  | overflowToLeft=false
Aleutian Islands  (8202,463)  | overflowToLeft=false
37 Sea Zone  (5631,2349)  (5682,2411)  (5691,2291)  (5691,2679)  (5714,2471)  (5722,2618)  (5723,2531)  (5742,2410)  (5749,2230)  (5751,2678)  (5774,2470)  (5782,2591)  (5783,2530)  (5802,2290)  (5802,2373)  (5809,2224)  (5811,2651)  (5834,2433)  (5842,2590)  (5843,2493)  (5862,2284)  (5862,2344)  (5869,2224)  (5894,2404)  (5902,2553)  (5902,2613)  (5903,2464)  (5922,2284)  (5922,2344)  (5929,2224)  (5954,2404)  (5962,2524)  (5962,2584)  (5963,2464)  (5981,2644)  (5982,2284)  (5982,2344)  (5989,2224)  | overflowToLeft=false
78 Sea Zone  (3883,2854)  (3823,2913)  (3823,2853)  (3942,2914)  (3883,2794)  (3943,2794)  (3943,2854)  (3882,2973)  (3822,2973)  (3763,2913)  (3970,2974)  (3762,2974)  (3900,2734)  (3960,2734)  (3910,3033)  (3850,3033)  (3970,3034)  (3790,3034)  (3702,2978)  (3702,2918)  (3882,2674)  (3942,2674)  (3926,2614)  | overflowToLeft=false
British Guiana  (1088,2040)  | overflowToLeft=false
73 Sea Zone  (3493,3666)  (3433,3725)  (3552,3726)  (3490,3606)  (3550,3606)  (3553,3666)  (3492,3785)  (3432,3785)  (3555,3786)  (3372,3786)  (3530,3546)  (3530,3486)  (3552,3426)  | overflowToLeft=false
32 Sea Zone  (7722,1902)  (7662,1961)  (7662,1901)  (7781,1962)  (7722,1842)  (7782,1842)  (7782,1902)  (7660,1841)  (7721,2021)  (7661,2021)  (7602,1961)  (7602,1901)  (7841,1962)  (7841,2022)  (7781,2022)  (7601,2022)  (7720,1782)  (7780,1782)  (7840,1782)  (7842,1842)  (7842,1902)  (7600,1841)  (7600,1781)  (7660,1781)  (7900,1727)  (7721,2081)  (7661,2081)  (7542,1962)  (7542,1902)  (7901,1962)  (7901,2022)  (7901,2082)  (7841,2082)  (7781,2082)  (7601,2082)  (7541,2082)  (7541,2022)  (7902,1787)  (7902,1847)  (7540,1842)  (7540,1782)  | overflowToLeft=false
Queensland  (7025,3331)  (6965,3390)  (6965,3330)  (7084,3391)  (7025,3271)  (7085,3299)  (6963,3270)  (7144,3359)  (7023,3211)  | overflowToLeft=false
Saratov  (4240,899)  (4180,893)  (4300,868)  (4300,928)  | overflowToLeft=false
Ulaanbaatar  (5681,713)  (5621,680)  (5740,773)  (5741,709)  | overflowToLeft=false
130 Sea Zone  (3546,35)  (3486,15)  (3582,95)  (3539,155)  (3736,0)  | overflowToLeft=false
96 Sea Zone  (2615,1743)  (2555,1778)  (2555,1718)  (2675,1732)  (2735,1777)  | overflowToLeft=false
Yenisey  (5310,296)  (5250,355)  (5250,295)  (5369,356)  (5310,236)  (5370,236)  (5370,296)  (5248,235)  (5309,415)  (5249,415)  (5371,416)  (5189,416)  (5308,176)  (5368,176)  (5428,176)  (5430,306)  (5235,175)  (5311,475)  (5251,475)  (5191,476)  (5295,116)  (5355,116)  (5415,116)  (5232,115)  (5131,519)  (5475,62)  (5344,535)  (5284,535)  (5224,536)  (5292,56)  (5352,56)  (5412,56)  (5071,577)  (5164,579)  (5472,2)  (5347,595)  (5287,595)  (5227,596)  (5011,615)  (5104,637)  (5167,639)  (5312,655)  (5044,675)  | overflowToLeft=false
Northern Belarus  (3585,633)  (3525,662)  (3525,602)  (3645,630)  | overflowToLeft=false
Celebes  (6107,2841)  | overflowToLeft=false
127 Sea Zone  (2300,43)  (2240,100)  (2240,40)  (2360,0)  (2360,60)  (2180,100)  (2180,40)  (2420,0)  (2420,60)  (2120,100)  (2120,40)  (2480,0)  (2480,60)  (2060,100)  (2060,40)  (2540,1)  (2540,61)  | overflowToLeft=false
90 Sea Zone  (1446,1989)  (1386,2048)  (1386,1988)  (1505,2049)  (1446,1929)  (1506,1929)  (1506,1989)  (1384,1928)  (1445,2108)  (1385,2108)  (1326,2048)  (1326,1988)  (1565,2049)  (1565,2109)  (1505,2109)  (1325,2109)  (1566,1902)  (1566,1962)  (1324,1928)  (1625,2022)  (1625,2082)  (1626,1902)  (1626,1962)  (1264,1982)  (1264,1922)  (1204,1967)  (1204,1907)  (1144,1929)  | overflowToLeft=false
Rio de Oro  (2045,2018)  | overflowToLeft=false
Line Islands  (8597,2348)  | overflowToLeft=false
6 Sea Zone  (6713,979)  (6653,1038)  (6653,978)  (6767,1039)  (6713,919)  (6773,919)  (6773,979)  (6651,918)  (6707,1098)  (6647,1098)  (6593,1038)  (6593,978)  (6711,859)  (6771,859)  (6831,859)  (6833,919)  (6833,979)  (6612,858)  (6891,848)  (6533,973)  (6893,935)  | overflowToLeft=false
Austria  (2941,1189)  (2881,1202)  (3001,1144)  (3001,1204)  (3061,1152)  | overflowToLeft=false
59 Sea Zone  (5704,3373)  (5644,3432)  (5644,3372)  (5763,3433)  (5704,3313)  (5764,3313)  (5764,3373)  (5642,3312)  (5703,3492)  (5643,3492)  (5584,3432)  (5584,3372)  (5823,3433)  (5823,3493)  (5763,3493)  (5583,3493)  (5702,3253)  (5762,3253)  (5822,3253)  (5824,3313)  (5824,3373)  (5582,3312)  (5882,3195)  (5524,3433)  (5524,3373)  (5883,3433)  (5883,3493)  (5523,3527)  (5675,3193)  (5735,3193)  (5795,3193)  (5884,3255)  (5884,3315)  (5522,3313)  (5464,3467)  (5464,3407)  (5943,3375)  (5943,3435)  (5943,3495)  (5463,3527)  (5944,3220)  (5944,3280)  (5462,3347)  (5462,3287)  (5404,3467)  (5404,3407)  (6003,3340)  (6003,3400)  (6003,3460)  (6003,3520)  (5403,3527)  | overflowToLeft=false
Mozambique  (3402,3466)  (3342,3470)  (3458,3526)  (3383,3406)  (3443,3406)  (3398,3530)  (3399,3590)  | overflowToLeft=false
118 Sea Zone  (3247,527)  (3245,587)  | overflowToLeft=false
Southeast Mexico  (147,1380)  (87,1437)  (87,1377)  (206,1440)  (147,1320)  (207,1320)  (207,1380)  (83,1317)  (240,1500)  (143,1260)  (203,1260)  (23,1337)  (23,1277)  (83,1257)  (1,1217)  (320,1554)  (143,1200)  (61,1197)  (1,1157)  (380,1543)  (380,1603)  (61,1137)  (1,1097)  (440,1519)  (440,1579)  (61,1077)  (1,1037)  | overflowToLeft=false
109 Sea Zone  (1250,782)  (1190,841)  (1190,781)  (1309,842)  (1250,722)  (1310,722)  (1310,782)  (1188,721)  (1130,875)  (1130,815)  (1339,662)  (1070,875)  (1070,815)  (1319,602)  (1249,562)  | overflowToLeft=false
Guam  (6703,2006)  | overflowToLeft=false
French Indo China  (5510,2412)  (5450,2441)  (5450,2381)  (5569,2472)  (5510,2352)  (5629,2491)  (5569,2532)  (5455,2292)  (5515,2292)  (5648,2551)  (5588,2592)  (5528,2592)  (5453,2232)  (5513,2232)  (5606,2652)  (5405,2172)  | overflowToLeft=false
10 Sea Zone  (8594,880)  (8534,939)  (8534,879)  (8653,940)  (8594,820)  (8654,820)  (8654,880)  (8532,819)  (8593,999)  (8533,999)  (8677,1000)  (8592,760)  (8652,760)  (8527,759)  (8617,1059)  (8557,1059)  (8677,1060)  (8587,700)  (8647,700)  (8527,699)  (8617,1119)  (8557,1119)  (8677,1120)  (8587,640)  (8647,640)  (8527,639)  (8617,1179)  (8557,1179)  (8677,1180)  (8587,580)  (8647,580)  (8527,579)  (8617,1239)  (8557,1239)  (8677,1240)  (8617,1299)  (8557,1299)  (8677,1300)  | overflowToLeft=false
68 Sea Zone  (484,3478)  (424,3537)  (424,3477)  (543,3538)  (484,3418)  (544,3418)  (544,3478)  (422,3417)  (483,3597)  (423,3597)  (364,3537)  (364,3477)  (603,3538)  (603,3598)  (543,3598)  (363,3598)  (482,3358)  (542,3358)  (602,3358)  (604,3418)  (604,3478)  (362,3417)  (362,3357)  (422,3357)  (662,3300)  (483,3657)  (423,3657)  (304,3538)  (304,3478)  (663,3538)  (663,3598)  (663,3658)  (603,3658)  (543,3658)  (363,3658)  (303,3658)  (303,3598)  (482,3298)  (542,3298)  (602,3298)  (664,3360)  (664,3420)  (302,3418)  (302,3358)  (302,3298)  (362,3297)  (422,3297)  (662,3240)  (722,3240)  (722,3300)  (483,3717)  (423,3717)  (244,3538)  (244,3478)  | overflowToLeft=false
South West Africa  (3007,3651)  (2947,3645)  (3050,3711)  (2990,3711)  (3007,3591)  (3067,3596)  | overflowToLeft=false
Eastern Turkey  (3817,1646)  (3757,1705)  (3757,1645)  (3877,1601)  (3877,1661)  (3697,1709)  (3937,1604)  (3937,1664)  | overflowToLeft=false
Southern Italy  (2908,1538)  (2848,1499)  | overflowToLeft=false
121 Sea Zone  (1801,331)  (1741,390)  (1741,330)  (1860,391)  (1801,271)  (1861,271)  (1861,331)  (1739,270)  (1800,450)  (1740,450)  (1920,391)  (1920,451)  (1860,451)  (1799,211)  (1859,211)  (1919,211)  (1921,271)  (1921,331)  (1694,210)  | overflowToLeft=false
77 Sea Zone  (4309,3390)  (4249,3449)  (4249,3389)  (4368,3450)  (4309,3330)  (4369,3330)  (4369,3390)  (4247,3329)  (4308,3509)  (4248,3509)  (4189,3449)  (4189,3389)  (4428,3450)  (4428,3510)  (4368,3510)  (4188,3510)  (4307,3270)  (4367,3270)  (4427,3270)  (4429,3330)  (4429,3390)  (4187,3329)  (4187,3269)  (4247,3269)  (4487,3257)  (4129,3450)  (4129,3390)  (4488,3450)  (4488,3510)  (4128,3527)  (4489,3317)  (4489,3377)  (4127,3330)  (4127,3270)  (4547,3257)  (4069,3467)  (4069,3407)  (4548,3437)  (4548,3497)  (4068,3527)  (4549,3317)  (4549,3377)  (4067,3347)  (4067,3287)  (4607,3257)  (4608,3437)  (4608,3497)  (4609,3317)  (4609,3377)  | overflowToLeft=false
Tobruk  (3081,2089)  (3021,2148)  (3021,2088)  (3140,2149)  (3081,2029)  (3141,2029)  (3141,2089)  (3019,2028)  (3080,2208)  (3200,2170)  (3140,2209)  (3079,1969)  (3139,1969)  (3211,2230)  | overflowToLeft=false
Gold Coast  (2326,2582)  | overflowToLeft=false
86 Sea Zone  (1774,2902)  (1714,2961)  (1714,2901)  (1833,2962)  (1774,2842)  (1834,2842)  (1834,2902)  (1712,2841)  (1773,3021)  (1713,3021)  (1654,2961)  (1654,2901)  (1893,2962)  (1893,3022)  (1833,3022)  (1653,3022)  (1772,2782)  (1832,2782)  (1892,2782)  (1894,2842)  (1894,2902)  (1652,2841)  (1652,2781)  (1712,2781)  (1773,3081)  (1713,3081)  (1912,3082)  (1852,3082)  (1653,3082)  (1772,2722)  (1832,2722)  (1892,2722)  (1627,2721)  (1687,2721)  (1792,3141)  (1732,3141)  (1912,3142)  (1852,3142)  (1672,3142)  (1747,2662)  (1807,2662)  (1867,2662)  (1631,2661)  (1792,3201)  (1732,3201)  (1912,3202)  (1852,3202)  (1672,3202)  (1691,2602)  (1751,2602)  (1811,2602)  (1871,2602)  | overflowToLeft=false
Inner Mongolia  (5413,1183)  (5353,1242)  (5353,1182)  (5472,1243)  (5473,1165)  (5532,1225)  | overflowToLeft=false
Japan  (6909,1093)  (6849,1152)  (6946,1033)  (6971,965)  (6971,905)  | overflowToLeft=false
120 Sea Zone  (1503,346)  (1443,405)  (1443,345)  (1562,406)  (1503,286)  (1563,286)  (1563,346)  (1441,285)  (1502,465)  (1442,465)  (1622,406)  (1622,466)  (1562,466)  (1501,226)  (1561,226)  (1621,226)  (1623,286)  (1623,346)  (1405,225)  (1502,525)  (1442,525)  (1634,526)  (1574,526)  (1465,166)  (1525,166)  (1585,166)  (1405,165)  | overflowToLeft=false
Leningrad  (3574,453)  (3514,512)  (3514,452)  (3634,413)  (3634,473)  | overflowToLeft=false
Ceylon  (4738,2719)  | overflowToLeft=false
Kwangsi  (5585,2126)  (5525,2120)  (5644,2186)  | overflowToLeft=false
Yunnan  (5333,2057)  (5336,2117)  (5304,1997)  (5393,2043)  (5311,1937)  | overflowToLeft=false
71 Sea Zone  (2208,3545)  (2148,3604)  (2148,3544)  (2267,3605)  (2208,3485)  (2268,3485)  (2268,3545)  (2146,3484)  (2207,3664)  (2147,3664)  (2088,3604)  (2088,3544)  (2327,3605)  (2327,3665)  (2267,3665)  (2087,3665)  (2206,3425)  (2266,3425)  (2326,3425)  (2328,3485)  (2328,3545)  (2086,3484)  (2086,3424)  (2146,3424)  (2207,3724)  (2147,3724)  (2385,3725)  (2325,3725)  (2087,3725)  (2206,3365)  (2266,3365)  (2326,3365)  (2059,3364)  (2119,3364)  (2265,3784)  (2205,3784)  (2385,3785)  (2325,3785)  (2145,3785)  (2085,3785)  (2179,3305)  (2239,3305)  (2299,3305)  (2359,3305)  (2059,3304)  (2119,3304)  | overflowToLeft=false
30 Sea Zone  (8427,2142)  (8427,2202)  (8427,2262)  (8427,2322)  (8427,2382)  (8427,2442)  (8427,2502)  (8427,2562)  (8427,2622)  (8427,2682)  (8487,2142)  (8487,2202)  (8487,2262)  (8487,2322)  (8487,2382)  (8487,2442)  (8487,2502)  (8487,2562)  (8487,2622)  (8487,2682)  (8547,2142)  (8547,2202)  (8547,2262)  (8547,2392)  (8547,2452)  (8547,2512)  (8547,2572)  (8547,2632)  (8547,2692)  (8607,2142)  (8607,2202)  (8607,2262)  (8607,2430)  (8607,2490)  (8607,2550)  (8607,2610)  (8607,2670)  (8651,2322)  (8667,2142)  (8667,2202)  (8667,2262)  (8667,2434)  (8667,2494)  (8667,2554)  (8667,2614)  (8667,2674)  (8711,2322)  (8727,2142)  (8727,2202)  (8727,2262)  (8727,2382)  (8727,2442)  (8727,2502)  (8727,2562)  (8727,2622)  (8727,2682)  | overflowToLeft=false
Albania  (3157,1468)  (3097,1477)  (3207,1528)  | overflowToLeft=false
Dzavhan  (5413,698)  (5353,757)  (5416,638)  (5473,698)  (5476,635)  (5360,817)  | overflowToLeft=false
108 Sea Zone  (2206,1173)  (2146,1232)  (2146,1172)  (2236,1233)  (2206,1113)  (2266,1117)  (2144,1112)  (2176,1292)  (2204,1053)  (2142,1052)  | overflowToLeft=false
New Zealand  (7921,3655)  | overflowToLeft=false
11 Sea Zone  (8813,876)  (8753,935)  (8753,875)  (8872,936)  (8813,816)  (8751,815)  (8873,764)  (8812,995)  (8752,995)  (8914,996)  (8811,756)  (8738,755)  (8871,704)  (8854,1055)  (8794,1055)  (8935,1056)  (8798,696)  (8738,695)  (8858,644)  (8875,1115)  (8815,1115)  (8755,1115)  (8966,1116)  (8798,636)  (8738,635)  (8858,584)  (8906,1175)  (8846,1175)  (8786,1175)  (8997,1176)  (8798,576)  (8738,575)  (9083,1213)  (8937,1235)  (8877,1235)  (8817,1235)  (8757,1235)  (9023,1236)  (9125,1273)  (8963,1295)  (8903,1295)  (8843,1295)  (8783,1295)  (9065,1296)  | overflowToLeft=false
Rhodesia  (3203,3474)  (3143,3533)  (3143,3473)  (3262,3534)  (3203,3414)  (3263,3414)  (3263,3474)  (3141,3413)  (3202,3593)  | overflowToLeft=false
17 Sea Zone  (7440,1030)  (7380,1089)  (7380,1029)  (7499,1090)  (7440,970)  (7500,970)  (7500,1030)  (7378,969)  (7439,1149)  (7379,1149)  (7320,1089)  (7320,1029)  (7559,1090)  (7559,1150)  (7499,1150)  (7319,1150)  (7438,910)  (7498,910)  (7558,910)  (7560,970)  (7560,1030)  (7318,969)  (7318,909)  (7378,909)  (7618,893)  (7439,1209)  (7379,1209)  (7260,1090)  (7260,1030)  (7619,1090)  (7619,1150)  (7619,1210)  (7559,1210)  (7499,1210)  (7319,1210)  (7259,1210)  (7259,1150)  (7620,953)  (7620,1013)  (7258,970)  (7258,910)  | overflowToLeft=false
87 Sea Zone  (1417,2925)  (1357,2984)  (1357,2924)  (1476,2985)  (1417,2865)  (1477,2865)  (1477,2925)  (1355,2864)  (1416,3044)  (1356,3044)  (1297,2984)  (1536,2985)  (1536,3045)  (1476,3045)  (1296,3045)  (1415,2805)  (1475,2805)  (1535,2805)  (1537,2865)  (1537,2925)  (1338,2804)  (1416,3104)  (1356,3104)  (1567,3105)  (1507,3105)  (1296,3105)  (1236,3105)  (1236,3045)  (1433,2745)  (1493,2745)  (1553,2745)  (1176,3132)  (1506,2685)  (1566,2685)  | overflowToLeft=false
58 Sea Zone  (6241,3654)  (6181,3713)  (6181,3653)  (6300,3714)  (6241,3594)  (6301,3594)  (6301,3654)  (6179,3593)  (6240,3773)  (6180,3773)  (6121,3713)  (6121,3653)  (6360,3714)  (6360,3774)  (6300,3774)  (6120,3774)  (6239,3534)  (6119,3593)  (6119,3533)  (6179,3533)  (6420,3693)  (6420,3753)  (6078,3473)  (6138,3473)  (6198,3473)  (6480,3678)  (6480,3738)  | overflowToLeft=false
102 Sea Zone  (3609,1452)  (3549,1506)  (3549,1446)  (3609,1392)  (3669,1412)  (3669,1472)  | overflowToLeft=false
Ontario  (591,587)  (531,591)  (531,531)  (650,647)  (591,527)  (651,569)  (471,586)  (564,467)  (700,719)  | overflowToLeft=false
Ethiopia  (3480,2685)  (3420,2744)  (3420,2684)  (3539,2745)  (3480,2625)  (3540,2625)  (3540,2685)  (3418,2624)  (3360,2781)  (3360,2721)  (3599,2745)  (3571,2805)  (3511,2805)  (3569,2565)  (3600,2625)  | overflowToLeft=false
New Hebrides  (7671,3260)  | overflowToLeft=false
British Somaliland  (3685,2709)  | overflowToLeft=false
Himalayas  (4938,1909)  (4878,1968)  (4878,1908)  (4997,1969)  (4998,1886)  (4876,1848)  (4937,2028)  (5057,1946)  (5057,2006)  (4997,2029)  (4816,1838)  (4806,1778)  (4866,1778)  (5094,2066)  (5117,1895)  (5117,1955)  (4770,1718)  (4830,1718)  (5154,2015)  (4710,1683)  (5177,1894)  (5177,1954)  (4770,1658)  (4707,1623)  (5237,1908)  (4767,1598)  (4736,1538)  | overflowToLeft=false
61 Sea Zone  (4871,3680)  (4811,3739)  (4811,3679)  (4930,3740)  (4871,3620)  (4931,3620)  (4931,3680)  (4809,3619)  (4751,3796)  (4751,3736)  (4749,3676)  (4749,3616)  | overflowToLeft=false
Egypt  (3458,2086)  (3503,2146)  (3443,2146)  (3412,2026)  (3472,2026)  (3512,2206)  (3452,2206)  | overflowToLeft=false
Kirov  (4321,134)  (4261,113)  (4380,194)  (4321,74)  (4381,74)  (4381,134)  (4239,53)  (4299,14)  (4359,14)  (4419,14)  | overflowToLeft=false
Sakha  (6317,100)  (6257,159)  (6257,99)  (6376,160)  (6317,40)  (6377,40)  (6377,100)  (6255,39)  (6316,219)  (6256,219)  (6197,159)  (6197,99)  (6436,160)  (6387,220)  (6437,1)  (6437,61)  (6195,39)  (6496,121)  | overflowToLeft=false
52 Sea Zone  (8653,2772)  (8653,2832)  (8653,2892)  (8653,2952)  (8653,3012)  (8653,3072)  (8653,3132)  (8653,3192)  (8653,3252)  (8713,2772)  (8713,2832)  (8713,2892)  (8713,2952)  (8713,3012)  (8713,3072)  (8713,3132)  (8713,3192)  (8713,3252)  (8773,2772)  (8773,2832)  (8773,2892)  (8773,2952)  (8773,3012)  (8773,3072)  (8773,3132)  (8773,3192)  (8773,3252)  (8833,2772)  (8833,2832)  (8833,2892)  (8833,2952)  (8833,3012)  (8833,3072)  (8833,3132)  (8833,3192)  (8833,3252)  (8861,2602)  (8861,2662)  (8893,2722)  (8893,2782)  (8893,2842)  (8893,2902)  (8893,2962)  (8893,3022)  (8893,3175)  (8893,3235)  (8921,2602)  (8921,2662)  (8953,2722)  (8953,2782)  (8953,2842)  (8953,2902)  (8953,2962)  (8953,3022)  (8953,3165)  (8953,3225)  | overflowToLeft=false
Sierra Leone  (2007,2437)  | overflowToLeft=false
Bolivia  (998,2556)  (938,2615)  (1034,2616)  (998,2496)  (1058,2546)  | overflowToLeft=false
Northern Caucasus  (4044,1381)  (3984,1437)  (3984,1377)  (4103,1441)  (4104,1344)  (4145,1284)  (3924,1412)  (4164,1344)  (4224,1319)  | overflowToLeft=false
Malta  (2804,1852)  | overflowToLeft=false
Wake Island  (7458,1827)  | overflowToLeft=false
Saudi Arabia  (3845,2311)  (3785,2370)  (3785,2310)  (3904,2371)  (3845,2251)  (3905,2251)  (3905,2311)  (3783,2250)  (3844,2430)  (3784,2430)  (3725,2370)  (3725,2310)  (3964,2371)  (3964,2431)  (3904,2431)  (3843,2191)  (3903,2191)  (3965,2232)  (3965,2292)  (3723,2250)  (3723,2190)  (3783,2190)  (3844,2490)  (3784,2490)  (4024,2352)  (4024,2412)  (3939,2491)  (4025,2287)  (3663,2153)  (3723,2130)  (3783,2130)  (3870,2550)  (3810,2550)  (4084,2347)  (4084,2407)  (3772,2610)  (4144,2353)  | overflowToLeft=false
Timguska  (4829,647)  (4769,690)  (4769,630)  (4888,707)  (4829,587)  (4889,640)  (4751,570)  (4828,750)  (4948,709)  (4888,767)  (4811,527)  (4950,769)  (4745,510)  (4828,810)  (4888,827)  (4805,467)  (4855,887)  | overflowToLeft=false
27 Sea Zone  (8172,1901)  (8112,1960)  (8112,1900)  (8231,1961)  (8172,1841)  (8232,1841)  (8232,1901)  (8110,1840)  (8171,2020)  (8111,2020)  (8052,1960)  (8052,1900)  (8291,1961)  (8291,2021)  (8231,2021)  (8051,2021)  (8170,1781)  (8230,1781)  (8290,1781)  (8292,1841)  (8292,1901)  (8050,1840)  (8050,1780)  (8110,1780)  (8350,1723)  (8171,2080)  (8111,2080)  (7992,1961)  (7992,1901)  (8351,1961)  (8351,2021)  (8351,2081)  (8291,2081)  (8231,2081)  (8051,2081)  (7991,2081)  (7991,2021)  (8170,1721)  (8230,1721)  (8290,1721)  (8352,1783)  (7991,1720)  (8051,1720)  (8350,1663)  (8111,1661)  (8171,1661)  (8231,1661)  (7991,1660)  (8051,1660)  | overflowToLeft=false
33 Sea Zone  (7637,2316)  (7577,2375)  (7577,2315)  (7696,2376)  (7637,2256)  (7697,2256)  (7697,2316)  (7575,2255)  (7517,2426)  (7517,2366)  (7756,2376)  (7635,2196)  (7695,2196)  (7755,2196)  (7757,2256)  (7757,2316)  (7515,2306)  (7515,2246)  | overflowToLeft=false
Szechwan  (5385,1784)  (5362,1844)  (5408,1724)  (5445,1784)  | overflowToLeft=false
Eire  (2112,537)  (2052,593)  | overflowToLeft=false
Hawaiian Islands  (8373,1860)  | overflowToLeft=false
Baluchistan  (4429,2151)  (4369,2210)  (4369,2150)  (4488,2211)  (4489,2110)  (4428,2270)  (4368,2270)  (4549,2049)  (4549,2109)  (4580,1989)  | overflowToLeft=false
Rostov  (4035,1174)  (3975,1233)  (4056,1234)  (3995,1114)  (4055,1114)  (4095,1174)  (3915,1290)  | overflowToLeft=false
42 Sea Zone  (5123,3065)  (5063,3124)  (5063,3064)  (5182,3125)  (5123,3005)  (5183,3005)  (5183,3065)  (5061,3004)  (5122,3184)  (5062,3184)  (5003,3124)  (5003,3064)  (5242,3125)  (5242,3185)  (5182,3185)  (5002,3185)  (5121,2945)  (5243,3003)  (5243,3063)  (5001,3004)  (5001,2944)  (5061,2944)  (5302,3123)  (5302,3183)  (4980,2884)  (5040,2884)  (5362,3136)  (5362,3196)  (4980,2824)  (5040,2824)  (5422,3162)  (5482,3162)  (5542,3144)  (5602,3159)  | overflowToLeft=false
Newfoundland Labrador  (992,440)  (953,380)  | overflowToLeft=false
France  (2505,1027)  (2567,1072)  (2629,1073)  (2442,1056)  (2503,1089)  (2567,1134)  (2629,1133)  (2442,1118)  (2503,1152)  | overflowToLeft=false
36 Sea Zone  (6053,2223)  (6053,2283)  (6053,2343)  (6053,2403)  (6053,2463)  (6053,2523)  (6053,2583)  (6053,2643)  (6113,2223)  (6113,2283)  (6113,2343)  (6113,2451)  (6113,2511)  (6113,2571)  (6113,2631)  (6173,2223)  (6173,2283)  (6173,2446)  (6173,2506)  (6173,2566)  (6173,2626)  (6233,2391)  (6233,2451)  (6233,2511)  (6233,2571)  (6233,2631)  (6293,2431)  (6293,2491)  (6293,2551)  (6293,2611)  (6293,2671)  (6353,2419)  (6353,2479)  (6353,2539)  (6353,2599)  (6353,2659)  (6365,2222)  (6413,2372)  (6413,2432)  (6413,2492)  (6413,2552)  (6413,2612)  (6413,2672)  (6418,2282)  (6425,2222)  (6473,2342)  (6473,2402)  (6473,2462)  (6473,2522)  (6473,2582)  (6473,2642)  | overflowToLeft=false
Novgorod  (3754,533)  (3694,560)  (3814,487)  | overflowToLeft=false
Fukien  (5893,1843)  (5887,1903)  (5876,1783)  (5936,1783)  | overflowToLeft=false
111 Sea Zone  (1813,705)  (1753,764)  (1753,704)  (1872,765)  (1813,645)  (1873,645)  (1873,705)  (1751,644)  (1793,824)  (1733,824)  (1811,585)  (1871,585)  (1694,584)  | overflowToLeft=false
80 Sea Zone  (4557,3000)  (4497,3059)  (4497,2999)  (4616,3060)  (4557,2940)  (4617,2940)  (4617,3000)  (4495,2939)  (4556,3119)  (4496,3119)  (4671,3120)  (4555,2880)  (4615,2880)  (4482,2879)  (4611,3179)  (4551,3179)  (4491,3179)  (4671,3180)  | overflowToLeft=false
74 Sea Zone  (3616,3384)  (3616,3444)  (3616,3504)  (3616,3564)  (3616,3773)  (3629,3071)  (3647,3131)  (3650,3241)  (3650,3301)  (3676,3361)  (3707,3105)  (3707,3165)  (3710,3225)  (3710,3285)  (3736,3345)  (3739,3794)  (3767,3116)  (3770,3176)  (3770,3236)  (3796,3296)  (3796,3356)  (3799,3778)  (3827,3116)  (3830,3176)  (3830,3236)  (3844,3718)  (3856,3296)  (3859,3778)  (3877,3658)  (3887,3116)  (3890,3176)  (3890,3236)  (3903,3586)  (3904,3718)  (3919,3778)  (3925,3524)  (3937,3646)  (3947,3116)  (3950,3176)  (3950,3236)  (3956,3464)  (3963,3584)  (3964,3706)  (3969,3296)  | overflowToLeft=false
105 Sea Zone  (1208,1212)  (1148,1271)  (1148,1211)  (1267,1272)  (1208,1152)  (1268,1152)  (1268,1212)  (1146,1151)  (1207,1331)  (1147,1331)  (1088,1271)  (1088,1211)  (1327,1272)  (1327,1332)  (1267,1332)  (1087,1332)  (1206,1092)  (1266,1092)  (1326,1092)  (1328,1152)  (1328,1212)  (1086,1151)  (1086,1091)  (1146,1091)  (1386,1034)  (1207,1391)  (1147,1391)  (1028,1272)  (1028,1212)  (1387,1272)  (1387,1332)  (1387,1392)  (1327,1392)  (1267,1392)  (1087,1392)  (1027,1392)  (1027,1332)  (1206,1032)  (1266,1032)  (1326,1032)  (1388,1094)  (1388,1154)  (1026,1152)  (1026,1092)  (1026,1032)  (1086,1031)  (1146,1031)  (1386,974)  (1207,1451)  (1147,1451)  (1400,1452)  (1340,1452)  (1280,1452)  | overflowToLeft=false
Southern Spain  (2152,1605)  (2092,1620)  (2092,1560)  (2211,1665)  (2183,1545)  (2212,1605)  | overflowToLeft=false
Burma  (5060,2281)  (5000,2340)  (5085,2221)  (5145,2196)  (5055,2400)  (4995,2400)  | overflowToLeft=false
French Central Africa  (2649,2340)  (2589,2399)  (2589,2339)  (2707,2400)  (2649,2280)  (2709,2280)  (2709,2340)  (2647,2459)  (2587,2459)  (2529,2354)  (2769,2229)  (2769,2289)  (2527,2464)  (2829,2250)  (2889,2247)  | overflowToLeft=false
Pripet Marshes  (3666,885)  (3732,900)  | overflowToLeft=false
Stalingrad  (4220,1084)  (4245,1144)  (4216,1024)  | overflowToLeft=false
Evenkiyskiy  (5058,211)  (4998,270)  (5117,271)  (5001,151)  (5061,151)  (5118,211)  (5121,148)  (5057,330)  (5008,91)  (5068,88)  (5128,88)  (5098,390)  (5038,390)  (5005,31)  (5065,28)  (5125,28)  (4978,434)  (4918,445)  (5077,450)  (5017,494)  (4957,505)  | overflowToLeft=false
Tula  (4053,772)  (4089,832)  (4029,832)  | overflowToLeft=false
14 Sea Zone  (8305,1318)  (8245,1377)  (8245,1317)  (8364,1378)  (8305,1258)  (8365,1258)  (8365,1318)  (8243,1257)  (8304,1437)  (8244,1437)  (8368,1438)  (8303,1198)  (8363,1198)  (8423,1198)  (8425,1258)  (8218,1197)  (8308,1497)  (8248,1497)  (8368,1498)  (8308,1557)  (8248,1557)  (8368,1558)  | overflowToLeft=false
Norway  (2975,238)  (2915,297)  (3021,178)  (3081,132)  (2885,357)  (3111,72)  (2872,417)  (3171,42)  (2812,450)  | overflowToLeft=false
Italian Somaliland  (3706,2818)  (3766,2781)  (3628,2874)  | overflowToLeft=false
Amur  (6584,437)  (6524,496)  (6524,436)  (6643,497)  (6584,377)  (6644,377)  (6644,437)  (6522,376)  (6583,556)  (6464,548)  (6464,488)  (6703,497)  (6703,557)  (6643,557)  (6582,317)  (6642,317)  (6702,317)  (6704,377)  (6704,437)  (6462,428)  (6462,368)  (6522,316)  (6454,308)  (6583,616)  (6404,516)  (6763,497)  (6720,617)  (6660,617)  (6764,320)  (6764,380)  (6402,456)  (6402,396)  (6394,336)  (6600,676)  (6689,677)  (6824,397)  (6342,471)  (6342,411)  (6334,351)  (6540,710)  (6619,736)  (6274,336)  (6559,770)  | overflowToLeft=false
20 Sea Zone  (6011,1088)  (6034,1376)  (6053,1436)  (6071,1067)  (6071,1127)  (6075,1496)  (6086,1729)  (6091,1669)  (6093,1556)  (6094,1326)  (6113,1386)  (6131,1011)  (6131,1071)  (6131,1131)  (6135,1446)  (6146,1729)  (6151,1616)  (6153,1506)  (6154,1290)  (6173,1350)  (6181,1191)  (6191,1000)  (6191,1060)  (6191,1120)  (6195,1410)  (6206,1676)  (6211,1566)  (6213,1470)  (6214,1251)  (6233,1311)  (6241,1180)  (6251,1050)  (6251,1110)  (6255,1371)  (6266,1626)  (6266,1686)  (6273,1431)  (6273,1491)  (6274,1240)  (6293,1300)  (6301,1170)  (6311,1084)  (6315,1360)  (6326,1590)  (6326,1650)  (6326,1710)  (6333,1420)  (6333,1480)  (6334,1230)  (6353,1290)  (6375,1350)  | overflowToLeft=false
Denmark  (2819,634)  | overflowToLeft=false
55 Sea Zone  (7164,3153)  (7104,3173)  (7104,3113)  (7223,3213)  (7164,3093)  (7224,3093)  (7224,3153)  (7163,3233)  (7063,3053)  (7283,3213)  (7283,3273)  (7223,3273)  (7213,3033)  (7273,3033)  (7284,3093)  (7284,3153)  (7336,3333)  (7276,3333)  (6948,3036)  (6934,3100)  (7336,3393)  | overflowToLeft=false
Mexico  (9145,1076)  (9085,1035)  (9190,1136)  (9145,1016)  (9043,975)  (9190,1196)  (9113,956)  | overflowToLeft=false
Suriname  (1162,2036)  | overflowToLeft=false
Northern Sinkiang  (4950,1021)  (4890,1054)  (4890,994)  (5004,1081)  (4950,961)  (5010,961)  (5010,1021)  (4944,1114)  (4938,901)  (4949,1174)  | overflowToLeft=false
Greenland  (1057,20)  (997,56)  (1116,80)  (1117,1)  (1139,140)  (1177,1)  | overflowToLeft=false
49 Sea Zone  (7647,2592)  (7587,2651)  (7587,2591)  (7706,2652)  (7647,2532)  (7707,2532)  (7707,2592)  (7585,2531)  (7646,2711)  (7586,2711)  (7527,2651)  (7527,2591)  (7766,2652)  (7766,2712)  (7706,2712)  (7526,2712)  (7767,2482)  (7767,2542)  (7525,2531)  | overflowToLeft=false