38 Sea Zone  (5453,2940)  (5393,2924)  (5334,2879)  (5276,2846)  (5240,2788)  (5514,2973)  (5509,3031)  | overflowToLeft=false
Komi  (4684,194)  (4624,253)  (4624,193)  (4743,254)  (4684,134)  (4744,134)  (4744,194)  (4622,133)  (4683,313)  (4623,313)  (4564,253)  (4564,193)  (4803,254)  (4803,314)  (4743,314)  (4563,314)  (4682,74)  (4742,74)  (4802,74)  (4804,134)  (4804,194)  (4562,133)  (4562,73)  (4622,73)  (4862,16)  (4627,373)  (4504,254)  (4504,194)  (4863,254)  (4863,314)  (4754,374)  (4567,374)  (4507,374)  (4503,314)  (4682,14)  (4742,14)  (4802,14)  (4864,76)  (4864,136)  (4502,134)  (4561,13)  (4621,13)  (4897,374)  (4922,1)  (4924,61)  (4924,121)  | overflowToLeft=false
99 Sea Zone  (3013,1718)  (3073,1718)  (3134,1718)  (3013,1777)  (3072,1777)  (3133,1778)  | overflowToLeft=false
Western Turkey  (3525,1670)  (3613,1577)  (3672,1577)  | overflowToLeft=false
Western Ukraine  (3554,1023)  (3613,1023)  (3673,1023)  (3553,1081)  (3612,1082)  | overflowToLeft=false
84 Sea Zone  (2499,2942)  (2439,3001)  (2439,2941)  (2558,3002)  (2499,2882)  (2559,2882)  (2559,2942)  (2437,2881)  (2498,3061)  (2438,3061)  (2379,3001)  (2379,2941)  (2618,3002)  (2618,3062)  (2558,3062)  (2378,3062)  (2497,2822)  (2557,2822)  (2619,2828)  (2619,2888)  (2377,2881)  (2377,2821)  (2437,2821)  (2498,3121)  (2438,3121)  (2319,3002)  (2319,2942)  (2678,2948)  (2678,3008)  (2678,3068)  (2618,3122)  (2558,3122)  (2378,3122)  (2318,3122)  (2318,3062)  (2497,2762)  (2557,2762)  (2317,2882)  (2317,2822)  (2317,2762)  (2377,2761)  (2437,2761)  (2680,3128)  (2498,3181)  (2438,3181)  (2620,3182)  (2560,3182)  (2378,3182)  (2318,3182)  (2314,2702)  (2497,2702)  | overflowToLeft=false
Paraguay  (1095,2735)  (1119,2795)  (1155,2719)  | overflowToLeft=false
Kazakhstan  (4448,1274)  (4388,1333)  (4388,1273)  (4507,1334)  (4448,1214)  (4508,1214)  (4508,1274)  (4386,1213)  (4447,1393)  (4387,1393)  (4328,1333)  (4328,1273)  (4567,1334)  (4567,1394)  (4507,1394)  (4327,1394)  (4446,1154)  (4506,1154)  (4566,1154)  (4568,1214)  (4568,1274)  (4326,1213)  (4336,1153)  (4626,1120)  (4627,1351)  (4627,1411)  (4567,1454)  (4541,1094)  (4642,1471)  | overflowToLeft=false
Shan State  (5124,2463)  (5184,2463)  (5124,2523)  (5184,2523)  (5201,2583)  | overflowToLeft=false
Syria  (3744,1815)  (3684,1874)  (3804,1789)  (3864,1773)  | overflowToLeft=false
Western India  (4600,2383)  (4540,2355)  (4627,2443)  (4541,2295)  (4642,2503)  (4642,2563)  | overflowToLeft=false
Anhwe  (5739,1540)  (5680,1540)  (5798,1540)  (5731,1599)  | overflowToLeft=false
Solomon Islands  (7350,2994)  (7407,3022)  | overflowToLeft=false
Yukon Territory  (9107,98)  (9047,157)  (9047,97)  (9166,158)  (9107,38)  (9167,38)  (9167,98)  (9045,37)  (9106,217)  (9190,218)  | overflowToLeft=false
100 Sea Zone  (3435,1912)  (3495,1912)  (3375,1911)  (3314,1911)  (3555,1912)  | overflowToLeft=false
56 Sea Zone  (6647,3023)  (6587,3022)  (6735,3022)  (6795,3021)  (6646,2963)  (6588,2965)  (6735,2965)  (6530,2965)  (6529,3025)  (6527,3083)  (6587,3081)  (6646,3081)  | overflowToLeft=false
Marshall Islands  (7632,2177)  | overflowToLeft=false
9 Sea Zone  (7993,544)  (7932,544)  (7871,544)  (7810,544)  (8053,544)  (8114,543)  (8174,544)  (8234,545)  (8294,545)  (8354,543)  (7809,603)  (7869,604)  (7931,604)  (7991,603)  (8051,602)  (8113,603)  (8175,603)  (8236,605)  (8294,604)  (8354,603)  | overflowToLeft=false
115 Sea Zone  (2660,379)  (2720,378)  (2659,438)  (2720,437)  (2660,319)  (2718,317)  (2657,498)  (2718,498)  (2696,557)  (2755,559)  | overflowToLeft=false
13 Sea Zone  (8599,1508)  (8539,1567)  (8539,1507)  (8658,1568)  (8599,1448)  (8659,1448)  (8659,1508)  (8537,1447)  (8598,1627)  (8538,1627)  (8479,1567)  (8479,1507)  (8718,1568)  (8718,1628)  (8658,1628)  (8478,1628)  (8597,1388)  (8657,1388)  (8717,1388)  (8719,1448)  (8719,1508)  (8477,1447)  (8477,1387)  (8537,1387)  (8777,1367)  (8778,1568)  (8778,1628)  (8779,1427)  (8779,1487)  | overflowToLeft=false
Malaya  (5333,2804)  (5392,2804)  (5400,2864)  | overflowToLeft=false
Argentina  (1002,2936)  (942,2995)  (942,2935)  (1061,2996)  (1002,2876)  (1062,2876)  (1062,2936)  (940,2875)  (1001,3055)  (941,3055)  (939,2815)  (983,3115)  (965,2755)  (990,3175)  (962,3235)  | overflowToLeft=false
28 Sea Zone  (8625,1810)  (8565,1810)  (8685,1808)  (8566,1749)  (8627,1749)  (8687,1750)  (8567,1935)  (8627,1934)  (8687,1934)  (8567,1996)  (8627,1994)  (8686,1994)  (8569,2052)  (8630,2054)  (8689,2054)  | overflowToLeft=false
Hokkaido  (7023,707)  (6963,707)  (7083,707)  | overflowToLeft=false
British Columbia  (9117,391)  (9057,450)  (9057,390)  (9176,451)  (9117,331)  (9177,331)  (9177,391)  (9055,330)  | overflowToLeft=false
Buyant-Uhaa  (5809,826)  (5749,878)  (5869,778)  | overflowToLeft=false
94 Sea Zone  (2336,1760)  (2276,1811)  (2350,1700)  (2396,1760)  (2410,1686)  (2216,1828)  | overflowToLeft=false
Olgiy  (5117,823)  (5057,869)  (5057,809)  (5176,883)  (5117,763)  (5177,763)  (5177,823)  (5116,929)  (5237,733)  | overflowToLeft=false
125 Sea Zone  (1436,38)  (1376,97)  (1376,37)  (1495,98)  (1496,0)  (1555,60)  (1556,0)  | overflowToLeft=false
46 Sea Zone  (6561,2809)  (6622,2809)  (6499,2809)  (6501,2869)  (6562,2868)  (6619,2867)  (6500,2749)  (6561,2749)  (6622,2749)  (6682,2749)  (6742,2750)  (6802,2750)  | overflowToLeft=false
Johnston Island  (8190,2154)  | overflowToLeft=false
Western Germany  (2746,863)  (2806,863)  (2865,863)  (2746,922)  (2806,923)  (2746,982)  (2805,982)  (2746,1042)  (2805,1041)  (2865,1041)  (2747,1100)  (2806,1099)  (2864,1099)  | overflowToLeft=false
Finland  (3305,243)  (3305,303)  (3280,105)  (3289,45)  (3281,362)  | overflowToLeft=false
Sumatra  (5336,2968)  (5276,2924)  (5215,2885)  (5154,2853)  (5396,3005)  (5409,3065)  | overflowToLeft=false
23 Sea Zone  (7000,1896)  (7059,1895)  (7002,1836)  (7059,1835)  (7001,1776)  (7061,1775)  (7001,2019)  (7060,2018)  (7001,2077)  (7061,2075)  (7002,2134)  (7060,2134)  | overflowToLeft=false
Southern Caucasus  (4040,1593)  (4099,1625)  (4159,1634)  (4159,1694)  | overflowToLeft=false
Northwest Persia  (4076,1769)  (4068,1829)  | overflowToLeft=false
41 Sea Zone  (4774,2992)  (4833,3052)  (4773,3052)  (4731,2932)  (4791,2932)  (4834,2992)  (4851,2915)  (4893,3052)  (4893,3112)  (4833,3112)  (4773,3112)  (4731,2872)  (4791,2872)  (4894,2975)  (4851,2855)  (4911,2855)  (4911,2915)  (4920,3172)  (4860,3172)  (4800,3172)  (4740,3172)  | overflowToLeft=false
Southern France  (2373,1347)  (2433,1347)  (2493,1347)  (2552,1347)  (2374,1406)  | overflowToLeft=false
64 Sea Zone  (7235,3652)  (7295,3653)  (7291,3595)  (7302,3534)  (7234,3711)  (7294,3711)  (7174,3771)  (7234,3770)  (7293,3771)  | overflowToLeft=false
Northern Italy  (2662,1294)  (2689,1364)  (2749,1406)  (2810,1401)  (2827,1341)  (2845,1280)  | overflowToLeft=false
Western Australia  (6356,3491)  (6416,3491)  (6474,3490)  (6415,3549)  (6474,3549)  (6415,3609)  | overflowToLeft=false
76 Sea Zone  (4573,3679)  (4513,3738)  (4513,3678)  (4632,3739)  (4573,3619)  (4633,3619)  (4633,3679)  (4511,3618)  | overflowToLeft=false
Southern Belarus  (3566,815)  (3625,815)  (3684,814)  (3625,755)  (3684,755)  | overflowToLeft=false
110 Sea Zone  (1535,748)  (1475,807)  (1475,747)  (1594,808)  (1535,688)  (1595,688)  (1595,748)  (1473,687)  (1534,867)  (1474,867)  (1415,807)  (1415,747)  (1634,868)  (1414,868)  (1533,628)  (1593,628)  (1413,687)  (1413,627)  (1473,627)  | overflowToLeft=false
4 Sea Zone  (7466,358)  (7406,417)  (7406,357)  (7525,418)  (7466,298)  (7526,298)  (7526,358)  (7404,297)  (7465,477)  (7405,477)  (7346,417)  (7346,357)  (7585,418)  (7585,478)  (7525,478)  (7345,478)  (7499,238)  (7559,238)  (7586,298)  (7586,358)  (7344,297)  (7619,205)  (7285,511)  (7285,451)  | overflowToLeft=false
15 Sea Zone  (8280,853)  (8220,912)  (8220,852)  (8339,913)  (8280,793)  (8340,793)  (8340,853)  (8218,792)  (8279,972)  (8219,972)  (8160,912)  (8160,852)  (8399,913)  (8399,973)  (8339,973)  (8159,973)  (8278,733)  (8338,733)  (8398,733)  (8400,793)  (8400,853)  (8158,792)  (8158,732)  (8218,732)  (8458,686)  (8279,1032)  (8219,1032)  (8459,913)  (8459,973)  (8459,1033)  (8399,1033)  (8339,1033)  (8159,1033)  (8460,746)  (8460,806)  | overflowToLeft=false
Libya  (2707,2042)  (2766,2042)  (2825,2042)  (2884,2042)  (2769,2102)  (2828,2102)  | overflowToLeft=false
Nenetsia  (3997,39)  (3937,98)  (3937,38)  (4056,99)  (4057,1)  (3877,56)  (4116,61)  (4116,121)  (4117,1)  | overflowToLeft=false
South Australia  (6647,3478)  (6795,3481)  (6587,3478)  (6855,3481)  (6862,3541)  | overflowToLeft=false
21 Sea Zone  (6156,1951)  (6215,1950)  (6273,1950)  (6332,1949)  (6156,2009)  (6216,2009)  (6275,2009)  (6334,2009)  (6155,2068)  (6214,2068)  (6273,2068)  (6155,1890)  (6214,1889)  (6274,1891)  (6332,1888)  (6333,2067)  | overflowToLeft=false
Sweden  (3061,357)  (3001,416)  (3085,417)  (3081,297)  (3141,246)  (3025,476)  (2965,476)  (3169,186)  (3013,536)  | overflowToLeft=false
Holland Belgium  (2611,830)  (2551,830)  (2669,829)  (2605,889)  | overflowToLeft=false
Kansu  (5124,1237)  (5063,1237)  (5184,1237)  (5124,1297)  (5063,1297)  | overflowToLeft=false
97 Sea Zone  (2741,1605)  (2801,1604)  (2742,1664)  (2801,1663)  (2753,1545)  (2861,1661)  | overflowToLeft=false
Siberia  (6723,128)  (6783,128)  (6842,128)  (6901,127)  (6961,128)  (7021,127)  (6723,188)  (6783,188)  (6843,187)  (6901,187)  (6959,186)  (7020,185)  | overflowToLeft=false
Poland  (3160,932)  (3220,932)  (3193,992)  (3252,992)  | overflowToLeft=false
92 Sea Zone  (1525,1691)  (1465,1750)  (1465,1690)  (1584,1751)  (1525,1631)  (1585,1631)  (1585,1691)  (1463,1630)  (1524,1810)  (1464,1810)  (1405,1750)  (1405,1690)  (1644,1751)  (1644,1811)  (1584,1811)  (1404,1811)  (1523,1571)  (1583,1571)  (1643,1571)  (1645,1631)  (1645,1691)  (1403,1630)  (1403,1570)  (1463,1570)  | overflowToLeft=false
18 Sea Zone  (7172,1541)  (7111,1541)  (7231,1541)  (7289,1540)  (7289,1482)  (7289,1423)  (7288,1364)  (7111,1600)  (7171,1600)  (7230,1599)  (7288,1599)  (7110,1660)  (7169,1660)  (7229,1658)  (7288,1657)  | overflowToLeft=false
Western Sinkiang  (4769,1330)  (4709,1330)  (4829,1329)  (4735,1389)  (4794,1389)  | overflowToLeft=false
Bulgaria  (3379,1488)  (3319,1488)  (3438,1488)  | overflowToLeft=false
Tunisia  (2630,1894)  (2689,1894)  (2630,1954)  | overflowToLeft=false
117 Sea Zone  (3101,670)  (3160,730)  (3063,610)  (3123,610)  (3161,670)  (3105,550)  (3164,390)  | overflowToLeft=false
Southern Persia  (4107,2138)  (4088,2078)  (4141,2198)  (4200,2198)  | overflowToLeft=false
Java  (5680,3106)  (5740,3116)  (5799,3132)  (5859,3150)  (5918,3152)  | overflowToLeft=false
51 Sea Zone  (8101,3020)  (8161,3020)  (8221,3021)  (8281,3022)  (8100,3078)  (8158,3080)  (8218,3081)  (8279,3082)  (8101,2960)  (8160,2960)  (8219,2961)  (8278,2961)  (8099,3138)  (8159,3141)  (8218,3141)  (8276,3142)  (8099,3198)  (8159,3200)  (8218,3201)  (8277,3202)  | overflowToLeft=false
Kyushu  (6553,1344)  | overflowToLeft=false
54 Sea Zone  (7426,3231)  (7486,3231)  (7426,3291)  (7486,3292)  (7424,3172)  (7483,3171)  (7544,3172)  (7605,3171)  (7663,3171)  (7723,3170)  (7783,3171)  (7843,3170)  (7844,3230)  (7844,3288)  (7844,3346)  | overflowToLeft=false
48 Sea Zone  (7299,2745)  (7239,2736)  (7359,2693)  (7359,2753)  (7179,2732)  (7419,2693)  | overflowToLeft=false
89 Sea Zone  (1812,2279)  (1752,2338)  (1752,2278)  (1863,2339)  (1812,2219)  (1750,2218)  (1872,2194)  (1803,2398)  (1743,2398)  (1885,2399)  (1810,2159)  (1742,2158)  (1870,2134)  (1825,2458)  (1765,2458)  (1909,2459)  | overflowToLeft=false
Kenya  (3423,2946)  (3363,2982)  (3363,2922)  (3482,3006)  (3423,2886)  (3483,2889)  (3338,2862)  (3303,3026)  (3303,2966)  (3542,2949)  (3542,3009)  (3548,3069)  | overflowToLeft=false
123 Sea Zone  (578,301)  (518,352)  (518,292)  (637,361)  (578,241)  (638,275)  (505,232)  (661,187)  (458,331)  (445,271)  | overflowToLeft=false
Northern Spain  (2269,1423)  (2281,1482)  (2097,1369)  (2037,1367)  (2294,1542)  | overflowToLeft=false
Kweichow  (5446,1943)  (5500,2003)  | overflowToLeft=false
43 Sea Zone  (5872,3086)  (5932,3085)  (5991,3084)  (6050,3083)  (6108,3083)  (6167,3083)  (6227,3082)  (6286,3083)  (6345,3082)  (5872,3025)  (5931,3024)  (5991,3024)  (6050,3023)  (6110,3022)  (6169,3023)  (6228,3022)  (6286,3023)  (6343,3022)  | overflowToLeft=false
Sicily  (2824,1725)  (2884,1753)  | overflowToLeft=false
128 Sea Zone  (2690,68)  (2749,67)  (2809,67)  (2869,67)  (2691,127)  (2750,127)  (2810,127)  (2870,126)  (2689,8)  (2749,8)  (2808,6)  (2868,7)  | overflowToLeft=false
Bryansk  (3858,778)  (3798,837)  (3798,777)  (3918,799)  | overflowToLeft=false
Tsinghai  (5266,1501)  (5206,1500)  (5326,1500)  (5260,1560)  (5259,1620)  | overflowToLeft=false
26 Sea Zone  (7913,1391)  (7853,1450)  (7853,1390)  (7972,1451)  (7913,1331)  (7973,1331)  (7973,1391)  (7851,1330)  (7912,1510)  (7852,1510)  (7793,1450)  (7793,1390)  (8032,1451)  (8032,1511)  (7972,1511)  (7792,1511)  (7911,1271)  (7971,1271)  (8031,1271)  (8033,1331)  (8033,1391)  (7791,1330)  (7791,1270)  (7851,1270)  (8091,1213)  (7912,1570)  (7852,1570)  (7733,1451)  (7733,1391)  (8092,1451)  (8092,1511)  (7792,1571)  (7732,1571)  (7732,1511)  (7911,1211)  (7971,1211)  (8031,1211)  (8093,1273)  (8093,1333)  (7731,1331)  (7731,1271)  (7731,1211)  (7791,1210)  (7851,1210)  (8091,1153)  (8151,1153)  (8151,1213)  (7931,1630)  (7871,1630)  (8152,1393)  (8152,1453)  (8152,1513)  | overflowToLeft=false
7 Sea Zone  (6951,1247)  (6890,1247)  (7011,1246)  (7072,1246)  (7131,1246)  (6890,1306)  (6951,1306)  (7010,1306)  (7070,1306)  (7129,1306)  (6890,1366)  (6950,1365)  (7010,1365)  (7070,1366)  (7129,1366)  (6889,1424)  (6948,1425)  (7008,1424)  | overflowToLeft=false
2 Sea Zone  (8241,280)  (8180,280)  (8302,279)  (8180,220)  (8180,160)  (8200,100)  (8180,341)  (8240,341)  (8300,340)  | overflowToLeft=false
Western United States  (8980,763)  (9040,763)  (9100,762)  (9159,762)  (8980,822)  (9039,823)  (9098,822)  (9158,821)  (8980,882)  (9040,882)  (9099,881)  (9158,880)  | overflowToLeft=false
Central America  (570,1730)  (510,1707)  (567,1790)  (579,1850)  (613,1911)  | overflowToLeft=false
Gibraltar  (2123,1736)  | overflowToLeft=false
Cyprus  (3554,1821)  | overflowToLeft=false
35 Sea Zone  (6928,2434)  (6868,2434)  (6807,2434)  (6986,2434)  (6808,2374)  (6865,2373)  (6921,2373)  (6981,2374)  (6806,2317)  (6866,2313)  (6924,2313)  (6865,2494)  (6924,2494)  (6984,2494)  (6865,2554)  (6924,2553)  (6984,2554)  (6865,2612)  (6922,2613)  (6982,2612)  | overflowToLeft=false
81 Sea Zone  (4495,2619)  (4435,2678)  (4435,2618)  (4554,2679)  (4495,2559)  (4555,2559)  (4555,2619)  (4433,2558)  (4494,2738)  (4434,2738)  (4614,2725)  (4554,2739)  (4493,2499)  (4396,2498)  (4456,2439)  | overflowToLeft=false
44 Sea Zone  (5830,2934)  (5890,2945)  (5770,2950)  (5950,2917)  (5710,2950)  (5694,2890)  (5992,2834)  (5684,2744)  | overflowToLeft=false
Davao  (6286,2450)  (6344,2449)  (6405,2431)  | overflowToLeft=false
Smolensk  (3843,626)  (3783,674)  (3875,566)  | overflowToLeft=false
Paulau  (6736,2515)  | overflowToLeft=false
53 Sea Zone  (8455,3561)  (8515,3560)  (8576,3560)  (8636,3560)  (8696,3560)  (8756,3559)  (8817,3559)  (8455,3621)  (8516,3620)  (8576,3620)  (8635,3618)  (8694,3618)  (8755,3616)  (8816,3620)  (8454,3678)  (8514,3679)  (8574,3678)  (8635,3678)  (8696,3678)  (8756,3676)  (8815,3681)  (8454,3738)  (8514,3740)  (8574,3738)  (8634,3736)  (8696,3736)  (8756,3736)  (8817,3736)  | overflowToLeft=false
Iceland  (1827,93)  (1887,92)  | overflowToLeft=false
72 Sea Zone  (2681,3617)  (2621,3676)  (2621,3616)  (2740,3677)  (2681,3557)  (2741,3557)  (2741,3617)  (2619,3556)  (2680,3736)  (2620,3736)  (2561,3676)  (2561,3616)  (2800,3677)  (2800,3737)  (2740,3737)  (2560,3737)  (2679,3497)  (2739,3497)  (2799,3497)  (2801,3557)  (2801,3617)  (2559,3556)  (2559,3496)  (2619,3496)  (2680,3796)  (2620,3796)  (2501,3677)  (2501,3617)  (2860,3677)  (2860,3737)  (2500,3796)  (2679,3437)  (2739,3437)  (2499,3557)  (2499,3497)  (2499,3437)  (2559,3436)  (2619,3436)  (2920,3795)  (2445,3377)  (2679,3377)  (2739,3377)  (2505,3376)  (2565,3376)  (2445,3317)  (2625,3317)  (2685,3317)  (2505,3316)  (2565,3316)  | overflowToLeft=false
Southern Manchuria  (6050,864)  (5991,864)  (6109,864)  (6168,864)  (6019,924)  (6079,923)  (6139,922)  | overflowToLeft=false
Yugoslavia  (3095,1355)  (3035,1354)  (3152,1354)  (3212,1354)  (3243,1414)  | overflowToLeft=false
Yakut S.S.R.  (5590,203)  (5530,262)  (5649,263)  (5531,143)  (5591,143)  (5650,203)  (5651,142)  (5589,322)  (5529,322)  (5651,323)  (5563,83)  (5710,202)  (5623,82)  (5683,82)  (5711,142)  (5743,50)  (5532,382)  (5570,22)  (5630,22)  (5771,110)  (5803,1)  (5679,437)  (5472,441)  (5831,61)  (5619,463)  (5559,481)  (5499,501)  (5439,501)  (5638,523)  (5578,541)  | overflowToLeft=false
Portuguese  (1939,2284)  | overflowToLeft=false
Belgian Congo  (3094,3110)  (3034,3169)  (3034,3109)  (3153,3170)  (3094,3050)  (3154,3050)  (3154,3110)  (3032,3049)  (3093,3229)  (3033,3229)  (3213,3198)  (3153,3230)  (2973,3230)  (3092,2990)  (3152,2990)  (3214,3053)  (2994,2989)  (3229,3258)  (3093,3289)  (3169,3290)  | overflowToLeft=false
103 Sea Zone  (3837,1468)  (3776,1430)  (3776,1489)  (3836,1528)  | overflowToLeft=false
63 Sea Zone  (6727,3699)  (6667,3758)  (6667,3698)  (6786,3759)  (6727,3639)  (6787,3639)  (6787,3699)  (6665,3638)  (6607,3796)  (6607,3736)  (6846,3759)  (6847,3677)  (6605,3676)  | overflowToLeft=false
Brazil  (1265,2370)  (1205,2429)  (1205,2369)  (1324,2430)  (1265,2310)  (1325,2310)  (1325,2370)  (1203,2309)  (1264,2489)  (1204,2489)  (1145,2429)  (1145,2369)  (1384,2430)  (1384,2490)  (1324,2490)  (1144,2490)  (1263,2250)  (1323,2250)  (1385,2253)  (1385,2313)  (1143,2309)  (1143,2249)  (1203,2249)  (1264,2549)  (1204,2549)  (1085,2416)  (1444,2373)  (1444,2433)  (1444,2493)  (1384,2550)  (1324,2550)  (1144,2550)  (1263,2190)  (1445,2257)  (1083,2356)  (1083,2296)  (1083,2236)  (1143,2189)  (1203,2189)  (1447,2553)  (1070,2176)  (1264,2609)  (1204,2609)  (1504,2317)  (1504,2377)  (1387,2610)  (1327,2610)  (1144,2610)  (1023,2356)  (1023,2296)  (1023,2236)  | overflowToLeft=false
Iwo Jima  (7088,1469)  | overflowToLeft=false
Algeria  (2449,1909)  (2390,1908)  (2509,1909)  (2388,1967)  (2448,1968)  (2508,1969)  | overflowToLeft=false
Alexandria  (3270,2064)  (3329,2064)  (3270,2122)  (3329,2122)  (3288,2182)  (3348,2182)  (3288,2242)  | overflowToLeft=false
Midway  (7659,1467)  | overflowToLeft=false
112 Sea Zone  (1995,724)  (2055,723)  (2113,722)  (1995,664)  (2055,662)  (2112,663)  (1994,784)  (2053,782)  | overflowToLeft=false
Alberta Saskatchewan Manitoba  (145,286)  (85,345)  (85,285)  (204,346)  (145,226)  (205,226)  (205,286)  (83,225)  (144,405)  (84,405)  (25,345)  (25,285)  (264,346)  (264,406)  (204,406)  (24,406)  (143,166)  (203,166)  (263,166)  (265,226)  (265,286)  (23,225)  (23,165)  (83,165)  (323,108)  (144,465)  (84,465)  (324,346)  (324,406)  (324,466)  (264,466)  (204,466)  (24,466)  (143,106)  (203,106)  (263,106)  (325,168)  (325,228)  (1,105)  (61,105)  (323,48)  (383,48)  (383,108)  (384,395)  (384,455)  (384,515)  (324,526)  (264,526)  (121,46)  (181,46)  (241,46)  (385,168)  | overflowToLeft=false
Colombia  (762,2080)  (702,2139)  (821,2140)  (737,2020)  (797,2020)  | overflowToLeft=false
Ecuador  (647,2242)  | overflowToLeft=false
5 Sea Zone  (6928,484)  (6988,483)  (7049,483)  (6928,424)  (6986,423)  (7048,423)  (6929,543)  (6868,543)  (6867,603)  (6928,602)  (6867,662)  (6807,661)  (6806,720)  | overflowToLeft=false
16 Sea Zone  (7886,890)  (7826,949)  (7826,889)  (7945,950)  (7886,830)  (7946,830)  (7946,890)  (7824,829)  (7885,1009)  (7825,1009)  (7766,949)  (7766,889)  (8005,950)  (8005,1010)  (7945,1010)  (7765,1010)  (7884,770)  (7944,770)  (8004,770)  (8006,830)  (8006,890)  (7764,829)  (7764,769)  (7824,769)  (7885,1069)  (7825,1069)  (7706,950)  (7706,890)  (8060,1070)  (8000,1070)  (7765,1070)  (7705,1070)  (7705,1010)  (7884,710)  (7944,710)  (8004,710)  (7704,830)  (7704,770)  (7704,710)  (7764,709)  (7824,709)  | overflowToLeft=false
Eastern United States  (569,980)  (628,980)  (687,980)  (746,980)  (569,1040)  (628,1040)  (688,1039)  (746,1039)  (597,1099)  (656,1099)  (597,1158)  (656,1158)  | overflowToLeft=false
Chahar  (5719,1068)  (5659,1116)  (5756,1128)  (5732,1008)  (5779,1068)  (5792,995)  (5614,1176)  | overflowToLeft=false
Hopei  (5481,1675)  (5541,1675)  | overflowToLeft=false
Tambov  (4099,973)  (4108,1033)  | overflowToLeft=false
126 Sea Zone  (1662,19)  (1721,19)  (1662,78)  (1720,78)  | overflowToLeft=false
69 Sea Zone  (1350,3488)  (1290,3547)  (1290,3487)  (1409,3548)  (1350,3428)  (1410,3428)  (1410,3488)  (1288,3427)  (1349,3607)  (1289,3607)  (1230,3547)  (1230,3487)  (1469,3548)  (1469,3608)  (1409,3608)  (1229,3608)  (1348,3368)  (1408,3368)  (1468,3368)  (1470,3428)  (1470,3488)  (1228,3427)  (1228,3367)  (1288,3367)  (1528,3310)  (1349,3667)  (1289,3667)  (1170,3548)  (1170,3488)  (1529,3548)  (1529,3608)  (1529,3668)  (1469,3668)  (1409,3668)  (1229,3668)  (1169,3668)  (1169,3608)  (1348,3308)  (1408,3308)  (1468,3308)  (1530,3370)  (1530,3430)  (1168,3428)  (1168,3368)  (1168,3308)  (1228,3307)  (1288,3307)  (1528,3250)  (1349,3727)  (1289,3727)  (1567,3728)  (1507,3728)  (1447,3728)  (1229,3728)  (1169,3728)  | overflowToLeft=false
34 Sea Zone  (7326,2480)  (7265,2480)  (7385,2480)  (7324,2420)  (7383,2419)  (7266,2540)  (7324,2540)  (7384,2539)  (7267,2600)  (7327,2599)  (7415,2359)  (7415,2300)  (7354,2270)  (7383,2599)  | overflowToLeft=false
Eastern Poland  (3353,943)  (3412,943)  (3387,1003)  (3447,1003)  (3387,1062)  | overflowToLeft=false
Eastern India  (4809,2345)  (4821,2286)  (4881,2270)  (4880,2209)  (4941,2210)  (4881,2149)  (4941,2152)  (5000,2152)  | overflowToLeft=false
Shansi  (5613,1303)  (5645,1363)  (5670,1243)  | overflowToLeft=false
Soviet Far East  (7553,59)  (7493,118)  (7493,58)  (7571,119)  (7613,1)  (7631,61)  (7436,178)  (7433,118)  (7433,58)  (7673,1)  (7691,61)  (7376,198)  (7373,138)  (7373,78)  (7373,18)  (7733,1)  (7751,61)  (7793,1)  (7811,61)  (7253,320)  (7853,1)  (7871,61)  | overflowToLeft=false
New Guinea  (7020,2957)  (6961,2957)  (7019,2897)  (6959,2896)  (7079,2897)  (7078,2957)  | overflowToLeft=false
82 Sea Zone  (4180,2580)  (4120,2639)  (4120,2579)  (4239,2640)  (4180,2520)  (4240,2520)  (4240,2580)  (4118,2519)  (4179,2699)  (4119,2699)  (4060,2639)  (4060,2579)  (4299,2640)  (4299,2700)  (4239,2700)  (4059,2700)  (4182,2460)  (4242,2460)  (4300,2520)  (4300,2580)  (4302,2458)  (4179,2759)  (4119,2759)  (4323,2760)  (4263,2760)  (4059,2760)  (4258,2398)  (4318,2398)  | overflowToLeft=false
Okinawa  (6269,1544)  | overflowToLeft=false
131 Sea Zone  (4205,1584)  (4169,1522)  (4244,1677)  (4265,1737)  | overflowToLeft=false
Tsagaan Olom  (5322,980)  (5262,1039)  (5262,979)  (5381,1040)  (5322,920)  (5382,920)  (5382,980)  (5260,919)  | overflowToLeft=false
119 Sea Zone  (1208,356)  (1148,399)  (1148,339)  (1267,416)  (1208,296)  (1268,296)  (1268,356)  (1088,379)  (1088,319)  (1327,416)  (1327,476)  (1267,476)  (1241,236)  (1301,236)  (1328,296)  (1328,356)  (1028,317)  (1303,176)  | overflowToLeft=false
Honan  (5514,1421)  (5454,1415)  (5568,1481)  (5508,1481)  (5450,1355)  | overflowToLeft=false
Afghanistan  (4469,1914)  (4409,1973)  (4491,1974)  (4446,1854)  (4506,1854)  (4529,1914)  (4566,1817)  (4626,1763)  | overflowToLeft=false
New South Wales  (7058,3476)  (7058,3536)  (7118,3585)  (7178,3585)  | overflowToLeft=false
French Guiana  (1230,2098)  | overflowToLeft=false
107 Sea Zone  (1967,1163)  (1907,1222)  (1907,1162)  (2026,1223)  (1967,1103)  (2027,1103)  (2027,1163)  (1905,1102)  (1958,1282)  (1898,1282)  (2082,1283)  (1965,1043)  (2025,1043)  (1853,1042)  (1934,1342)  (1874,1342)  (1913,983)  (1973,983)  (2033,983)  (1853,982)  (2093,938)  (1935,1402)  (1875,1402)  (1913,923)  (1973,923)  (2033,923)  (1853,922)  (1945,1462)  (1885,1462)  | overflowToLeft=false
Scotland  (2371,358)  (2371,418)  (2429,343)  (2370,298)  (2430,283)  (2392,478)  | overflowToLeft=false
113 Sea Zone  (2302,842)  (2242,882)  (2361,902)  (2362,837)  (2422,839)  (2482,839)  (2533,611)  (2545,732)  (2549,671)  (2593,572)  (2609,632)  (2609,692)  (2669,659)  | overflowToLeft=false
12 Sea Zone  (9028,1546)  (8968,1605)  (8968,1545)  (9087,1606)  (9028,1486)  (9088,1486)  (9088,1546)  (8966,1485)  (9027,1665)  (8967,1665)  (8908,1605)  (8908,1545)  (9147,1606)  (9147,1666)  (9087,1666)  (8907,1666)  (9026,1426)  (9086,1426)  (9146,1426)  (9148,1486)  (9148,1546)  (8906,1485)  (8906,1425)  (8966,1425)  (9027,1725)  (8967,1725)  (9190,1726)  (9130,1726)  (8907,1726)  | overflowToLeft=false
French Madagascar  (3776,3537)  (3716,3596)  (3716,3536)  (3818,3597)  (3776,3477)  (3836,3477)  (3836,3537)  (3758,3656)  (3698,3656)  (3877,3417)  (3750,3716)  (3690,3716)  | overflowToLeft=false
1 Sea Zone  (8742,384)  (8682,443)  (8682,383)  (8801,444)  (8742,324)  (8802,324)  (8802,384)  (8680,323)  (8622,479)  (8622,419)  (8861,444)  (8740,264)  (8862,294)  (8862,354)  (8620,359)  (8620,299)  (8680,263)  (8562,479)  (8562,419)  (8921,432)  | overflowToLeft=false
88 Sea Zone  (1648,2334)  (1682,2394)  (1622,2274)  (1682,2274)  (1622,2417)  (1562,2226)  (1682,2454)  (1622,2214)  (1682,2214)  (1622,2477)  (1562,2479)  (1502,2193)  (1636,2537)  (1576,2539)  (1442,2181)  (1573,2599)  | overflowToLeft=false
Hainan  (5716,2341)  | overflowToLeft=false
79 Sea Zone  (4229,2997)  (4169,3056)  (4169,2996)  (4288,3057)  (4229,2937)  (4289,2937)  (4289,2997)  (4167,2936)  (4228,3116)  (4168,3116)  (4109,3056)  (4109,2996)  (4348,3057)  (4348,3117)  (4288,3117)  (4108,3117)  (4227,2877)  (4287,2877)  (4347,2877)  (4349,2937)  (4349,2997)  (4107,2936)  (4107,2876)  (4167,2876)  (4407,2821)  (4228,3176)  (4168,3176)  (4049,3057)  (4049,2997)  (4408,3057)  (4408,3117)  (4408,3177)  (4348,3177)  (4288,3177)  (4108,3177)  (4048,3177)  (4048,3117)  (4409,2881)  (4409,2941)  (4047,2937)  (4047,2877)  | overflowToLeft=false
Russia  (4077,525)  (4017,524)  (4136,525)  (4196,526)  (4015,583)  (4074,584)  (4134,583)  (4194,586)  (4013,641)  (4073,642)  (4134,642)  | overflowToLeft=false
Karelia  (3457,288)  (3517,288)  (3361,157)  (3361,96)  (3422,96)  | overflowToLeft=false
Kiangsu  (5960,1615)  (5988,1675)  (5928,1675)  (5922,1555)  (5982,1555)  (6020,1615)  | overflowToLeft=false
Kursk  (3937,943)  (3877,956)  (3995,1003)  (3997,920)  | overflowToLeft=false
Kiangsi  (5717,1826)  (5777,1825)  (5771,1885)  (5716,1766)  (5775,1767)  | overflowToLeft=false
Alaska  (8618,72)  (8558,131)  (8558,71)  (8677,132)  (8618,12)  (8678,12)  (8678,72)  (8556,11)  (8540,191)  (8498,131)  (8498,71)  (8737,132)  (8738,1)  (8738,61)  (8496,11)  (8480,209)  (8779,192)  (8438,149)  (8438,89)  (8797,121)  (8798,1)  (8798,61)  (8436,29)  (8492,269)  (8420,252)  (8839,181)  (8378,192)  (8378,132)  (8857,121)  (8858,1)  (8858,61)  (8376,10)  (8899,181)  (8318,192)  (8917,121)  (8918,1)  (8918,61)  (8316,9)  (8957,262)  (8967,322)  | overflowToLeft=false
Northern Manchuria  (6168,578)  (6108,578)  (6228,577)  (6287,577)  (6286,636)  (6345,636)  (6405,636)  (6342,695)  (6403,696)  (6343,753)  (6343,813)  | overflowToLeft=false
129 Sea Zone  (3050,1)  (3110,0)  | overflowToLeft=false
Korea  (6435,1037)  (6374,1037)  (6496,1036)  (6435,1097)  (6375,1096)  (6494,1096)  | overflowToLeft=false
Romania  (3409,1318)  (3348,1318)  (3470,1318)  | overflowToLeft=false
Hunan  (5599,1875)  (5539,1861)  (5658,1935)  (5598,1935)  (5599,1815)  | overflowToLeft=false
Quebec  (754,525)  (813,525)  (871,525)  (754,584)  (814,584)  (871,584)  (754,642)  (814,643)  | overflowToLeft=false
Uzbekistan  (4477,1559)  (4417,1572)  (4417,1512)  (4536,1619)  (4537,1542)  (4357,1574)  (4596,1602)  (4596,1662)  | overflowToLeft=false
31 Sea Zone  (7947,2400)  (8007,2400)  (8067,2400)  (8128,2400)  (8188,2401)  (8247,2401)  (7947,2460)  (8007,2460)  (8067,2459)  (8127,2460)  (8187,2461)  (8246,2461)  (7948,2340)  (8007,2340)  (8067,2340)  (8125,2340)  (8184,2341)  (8245,2341)  (7947,2520)  (8007,2521)  (8067,2520)  (8127,2520)  (8188,2520)  (8248,2520)  | overflowToLeft=false
Northeast Persia  (4250,1899)  (4190,1958)  (4190,1898)  (4309,1959)  (4250,1839)  (4310,1839)  (4310,1899)  (4188,1838)  (4130,1977)  (4130,1917)  | overflowToLeft=false
8 Sea Zone  (7430,689)  (7370,748)  (7370,688)  (7489,749)  (7430,629)  (7490,629)  (7490,689)  (7368,628)  (7429,808)  (7369,808)  (7310,748)  (7310,688)  (7549,749)  (7549,809)  (7489,809)  (7309,809)  (7550,571)  (7550,631)  (7308,628)  (7250,749)  (7250,689)  (7609,691)  (7609,751)  (7609,811)  (7249,833)  (7610,571)  (7610,631)  (7248,629)  | overflowToLeft=false
19 Sea Zone  (6751,1577)  (6691,1636)  (6691,1576)  (6810,1637)  (6751,1517)  (6811,1517)  (6811,1577)  (6689,1516)  (6631,1666)  (6631,1606)  (6870,1637)  (6871,1503)  (6871,1563)  (6629,1546)  (6930,1623)  (6931,1503)  (6931,1563)  | overflowToLeft=false
25 Sea Zone  (7452,1409)  (7512,1409)  (7571,1409)  (7452,1469)  (7512,1468)  (7572,1469)  (7453,1349)  (7512,1348)  (7572,1347)  (7454,1528)  (7514,1527)  (7574,1529)  (7453,1586)  (7513,1587)  (7573,1588)  | overflowToLeft=false
Slovakia Hungary  (3159,1147)  (3176,1206)  (3217,1147)  (3276,1146)  (3335,1146)  | overflowToLeft=false
66 Sea Zone  (260,2055)  (200,2114)  (200,2054)  (319,2115)  (260,1995)  (320,1995)  (320,2055)  (198,1994)  (259,2174)  (199,2174)  (140,2114)  (140,2054)  (379,2115)  (379,2175)  (319,2175)  (139,2175)  (258,1935)  (318,1935)  (378,1935)  (380,1995)  (380,2055)  (138,1994)  (138,1934)  (198,1934)  (438,1877)  (259,2234)  (199,2234)  (80,2115)  (80,2055)  (439,2115)  (439,2175)  (439,2235)  (379,2235)  (319,2235)  (139,2235)  (79,2235)  (79,2175)  (258,1875)  (318,1875)  (378,1875)  (440,1937)  (440,1997)  (78,1995)  (78,1935)  (78,1875)  (138,1874)  (198,1874)  (438,1817)  (498,1817)  (498,1877)  (259,2294)  (199,2294)  (20,2115)  (20,2055)  | overflowToLeft=false
122 Sea Zone  (2113,301)  (2053,360)  (2053,300)  (2172,361)  (2113,241)  (2173,241)  (2173,301)  (2051,240)  (2065,420)  (2005,420)  (1993,360)  (1993,300)  (2232,361)  (2111,181)  (2171,181)  (2231,181)  (2233,241)  (2233,301)  (1991,240)  (1991,180)  (2051,180)  (2293,275)  | overflowToLeft=false
85 Sea Zone  (2112,2913)  (2052,2972)  (2052,2912)  (2171,2973)  (2112,2853)  (2172,2853)  (2172,2913)  (2050,2852)  (2111,3032)  (2051,3032)  (1992,2972)  (1992,2912)  (2231,2973)  (2231,3033)  (2171,3033)  (1991,3033)  (2110,2793)  (2170,2793)  (2230,2793)  (2232,2853)  (2232,2913)  (1990,2852)  (1990,2792)  (2050,2792)  (2111,3092)  (2051,3092)  (2254,3093)  (2194,3093)  (1991,3093)  (2110,2733)  (2170,2733)  (2230,2733)  (1972,2732)  (2032,2732)  (2134,3152)  (2074,3152)  (2254,3153)  (2194,3153)  (2014,3153)  (2092,2673)  (2152,2673)  (2212,2673)  (1972,2672)  (2032,2672)  (2134,3212)  (2074,3212)  (2254,3213)  (2194,3213)  (2014,3213)  (1972,2612)  (2032,2612)  | overflowToLeft=false
50 Sea Zone  (7474,2894)  (7533,2894)  (7592,2895)  (7650,2895)  (7709,2894)  (7769,2895)  (7826,2894)  (7474,2834)  (7534,2834)  (7594,2834)  (7654,2835)  (7712,2834)  (7771,2834)  (7828,2833)  (7474,2953)  (7533,2953)  (7593,2953)  (7651,2953)  (7709,2953)  (7768,2954)  (7828,2953)  (7533,3013)  (7592,3013)  (7651,3013)  (7710,3013)  (7768,3013)  (7828,3013)  | overflowToLeft=false
91 Sea Zone  (685,1655)  (745,1655)  (805,1655)  (686,1714)  (745,1715)  (804,1715)  (684,1773)  (744,1774)  (804,1774)  (864,1715)  (864,1775)  (923,1714)  (922,1774)  (983,1714)  (982,1774)  | overflowToLeft=false
Archangel  (3670,216)  (3610,275)  (3610,215)  (3691,276)  (3679,156)  (3739,147)  (3631,335)  (3799,103)  | overflowToLeft=false
116 Sea Zone  (2930,702)  (2990,701)  | overflowToLeft=false
Marianas  (6864,1899)  (6864,1958)  | overflowToLeft=false
Angola  (2961,3473)  (2900,3474)  (3021,3473)  | overflowToLeft=false
124 Sea Zone  (1004,194)  (944,231)  (944,171)  (1064,209)  (920,111)  (884,287)  (884,227)  (1124,214)  (862,19)  (1212,76)  (1218,136)  (731,188)  | overflowToLeft=false
Siam  (5320,2438)  (5377,2498)  (5317,2498)  (5272,2378)  (5332,2378)  (5437,2523)  (5377,2558)  (5317,2558)  (5289,2318)  (5349,2318)  (5446,2583)  (5459,2643)  | overflowToLeft=false
93 Sea Zone  (1773,1776)  (1832,1776)  (1892,1776)  (1951,1776)  (1774,1836)  (1833,1835)  (1893,1835)  (1951,1834)  (1773,1715)  (1833,1715)  (1891,1715)  (1774,1894)  (1832,1894)  (1892,1894)  (1951,1894)  (1774,1954)  (1834,1954)  (1894,1954)  (1953,1953)  | overflowToLeft=false
Shantung  (5927,1329)  (5867,1360)  (5943,1389)  (5921,1269)  (5981,1269)  (5883,1420)  (6041,1253)  (5979,1449)  (5972,1209)  | overflowToLeft=false
29 Sea Zone  (9045,2101)  (8985,2101)  (8924,2100)  (9106,2102)  (8924,2160)  (8984,2160)  (9043,2160)  (9104,2162)  (8924,2039)  (8983,2040)  (9042,2040)  (9102,2042)  (8925,2220)  (8985,2219)  (9042,2220)  (9103,2222)  | overflowToLeft=false
Tibet  (5042,1679)  (4982,1738)  (4982,1678)  (5101,1739)  (5042,1619)  (5102,1619)  (5102,1679)  (4980,1618)  (5041,1798)  (4922,1709)  (5161,1739)  (5161,1799)  (5101,1799)  (5040,1559)  (5100,1559)  (5162,1671)  (4920,1649)  (4920,1589)  (4980,1558)  (5221,1731)  (5221,1791)  (4860,1611)  (4860,1551)  (5281,1809)  | overflowToLeft=false
Portugal  (2011,1528)  (2020,1469)  | overflowToLeft=false
Yaroslavl  (3979,376)  (3919,435)  (3967,316)  (4027,316)  (4039,376)  | overflowToLeft=false
Tanganyika Territory  (3422,3210)  (3362,3269)  (3362,3209)  (3481,3270)  (3422,3150)  (3482,3150)  (3482,3210)  (3360,3149)  (3302,3278)  (3302,3218)  (3541,3270)  (3542,3167)  (3300,3158)  | overflowToLeft=false
47 Sea Zone  (6960,2810)  (7020,2809)  (6960,2749)  (7019,2749)  (7080,2749)  (7080,2808)  | overflowToLeft=false
Greece  (3308,1735)  (3249,1735)  (3275,1592)  (3335,1592)  (3392,1592)  | overflowToLeft=false
Bessarabia  (3507,1142)  (3544,1241)  (3560,1301)  | overflowToLeft=false
3 Sea Zone  (7938,261)  (7878,320)  (7878,260)  (7997,321)  (7938,201)  (7998,201)  (7998,261)  (7876,200)  (7937,380)  (7877,380)  (7818,320)  (7818,260)  (8057,321)  (8057,381)  (7997,381)  (7817,381)  (7936,141)  (7996,141)  (8056,141)  (8058,201)  (8058,261)  (7816,200)  (7758,321)  (7758,261)  (7757,401)  (7991,81)  (8051,81)  (7756,201)  | overflowToLeft=false
Morocco  (2146,1911)  (2085,1911)  (2206,1910)  | overflowToLeft=false
65 Sea Zone  (7491,3584)  (7551,3583)  (7611,3582)  (7671,3582)  (7731,3583)  (7491,3644)  (7550,3642)  (7609,3642)  (7669,3642)  (7729,3643)  (7490,3523)  (7550,3522)  (7609,3521)  (7669,3521)  (7729,3522)  (7491,3703)  (7550,3702)  (7609,3703)  (7669,3701)  (7730,3703)  | overflowToLeft=false
Manilla  (6239,2152)  (6244,2211)  (6244,2269)  (6304,2268)  (6295,2328)  (6352,2328)  | overflowToLeft=false
60 Sea Zone  (4993,3363)  (4933,3422)  (4933,3362)  (5052,3423)  (4993,3303)  (5053,3303)  (5053,3363)  (4931,3302)  (4992,3482)  (4932,3482)  (4873,3422)  (4873,3362)  (5112,3423)  (5112,3483)  (5052,3483)  (4872,3483)  (5113,3257)  (5113,3317)  (4871,3302)  (4813,3423)  (4813,3363)  (5172,3377)  (5172,3437)  (5172,3497)  (4812,3527)  (5173,3257)  (5173,3317)  (4811,3303)  (4753,3467)  (4753,3407)  (5232,3377)  (5232,3437)  (5232,3497)  (4752,3527)  (5233,3257)  (5233,3317)  (4751,3347)  (4751,3287)  | overflowToLeft=false
Gilbert Islands  (7704,2440)  | overflowToLeft=false
Iraq  (3845,2011)  (3785,2010)  (3905,2011)  (3855,2071)  (3915,2070)  | overflowToLeft=false
Chile  (867,2847)  (874,2745)  | overflowToLeft=false
Samara  (4421,719)  (4361,772)  (4361,712)  (4480,779)  (4421,659)  (4481,687)  (4353,652)  (4420,832)  (4496,839)  (4413,599)  (4310,592)  (4436,892)  (4516,899)  (4370,539)  (4430,539)  (4310,514)  (4456,952)  (4396,952)  (4543,959)  (4370,479)  (4430,479)  (4483,1012)  (4423,1012)  (4363,1012)  | overflowToLeft=false
106 Sea Zone  (1638,1211)  (1578,1270)  (1578,1210)  (1697,1271)  (1638,1151)  (1698,1151)  (1698,1211)  (1576,1150)  (1637,1330)  (1577,1330)  (1518,1270)  (1518,1210)  (1757,1271)  (1757,1331)  (1697,1331)  (1517,1331)  (1636,1091)  (1696,1091)  (1756,1091)  (1758,1151)  (1758,1211)  (1516,1150)  (1516,1090)  (1576,1090)  (1637,1390)  (1577,1390)  (1793,1391)  (1733,1391)  (1517,1391)  (1636,1031)  (1696,1031)  (1756,1031)  (1460,1030)  (1520,1030)  (1673,1450)  (1613,1450)  (1793,1451)  (1733,1451)  (1553,1451)  (1493,1451)  (1580,971)  (1640,971)  (1700,971)  (1760,971)  (1460,970)  (1520,970)  | overflowToLeft=false
Central India  (4715,2125)  (4655,2184)  (4655,2124)  (4767,2185)  (4715,2065)  (4775,2065)  (4775,2125)  (4707,2244)  (4647,2244)  (4681,2005)  (4741,2005)  (4695,2304)  (4684,1945)  (4744,1945)  (4681,1885)  (4741,1885)  (4705,1825)  | overflowToLeft=false
Borneo  (5838,2793)  (5778,2793)  (5898,2792)  (5885,2732)  (5790,2853)  (5849,2854)  | overflowToLeft=false
Buryatia  (5941,262)  (5881,321)  (5881,261)  (6000,322)  (5941,202)  (6001,202)  (6001,262)  (5879,201)  (5940,381)  (5880,381)  (5821,321)  (5821,261)  (6060,322)  (6007,382)  (5820,382)  (5939,142)  (5999,142)  (6059,142)  (6061,202)  (6061,262)  (5947,441)  (5887,441)  (6008,442)  (5827,442)  (5767,442)  (5760,382)  (5900,82)  (5960,82)  (6020,82)  (6080,82)  (6121,250)  (6121,310)  (5948,501)  (5888,501)  (5828,502)  (5768,502)  (5896,22)  (5956,22)  (6016,22)  (6076,22)  (5965,561)  (5905,561)  (5845,562)  (5785,562)  (5725,562)  (5780,622)  | overflowToLeft=false
114 Sea Zone  (2494,408)  (2554,408)  (2494,468)  (2554,468)  (2555,348)  (2554,290)  (2537,229)  | overflowToLeft=false
83 Sea Zone  (3619,2245)  (3591,2185)  (3570,2125)  (3631,2304)  (3640,2362)  | overflowToLeft=false
57 Sea Zone  (6217,3285)  (6157,3344)  (6157,3284)  (6231,3345)  (6217,3225)  (6277,3225)  (6277,3285)  (6155,3224)  (6171,3404)  (6111,3404)  (6097,3344)  (6097,3284)  (6337,3193)  (6337,3253)  (6095,3224)  (6397,3193)  (6397,3253)  | overflowToLeft=false
Victoria  (6959,3647)  (7084,3666)  | overflowToLeft=false
22 Sea Zone  (6622,1887)  (6683,1887)  (6743,1886)  (6622,1826)  (6681,1827)  (6742,1826)  (6623,1766)  (6682,1765)  (6741,1765)  (6621,1946)  (6681,1947)  (6742,1946)  (6619,2004)  (6617,2063)  (6617,2122)  (6675,2121)  (6733,2120)  (6793,2119)  | overflowToLeft=false
West Indies  (966,1596)  (905,1578)  (843,1549)  (781,1525)  (1026,1617)  | overflowToLeft=false
Ukraine  (3696,1151)  (3756,1151)  (3813,1151)  (3873,1151)  (3636,1211)  (3696,1210)  (3754,1210)  (3812,1211)  (3695,1270)  (3755,1270)  (3717,1329)  | overflowToLeft=false
Urals  (4632,737)  (4691,797)  (4631,797)  (4576,677)  (4636,677)  (4692,737)  (4744,857)  (4684,857)  (4624,857)  (4541,617)  (4601,617)  (4754,917)  (4694,917)  (4634,917)  (4528,557)  (4588,557)  (4648,557)  (4791,977)  (4731,977)  (4671,977)  (4611,977)  (4541,497)  (4601,497)  (4661,497)  (4745,1037)  (4685,1037)  | overflowToLeft=false
98 Sea Zone  (3020,1880)  (2960,1939)  (2960,1879)  (3080,1850)  (2900,1933)  (2900,1873)  (3140,1850)  (3200,1850)  | overflowToLeft=false
French West Africa  (2247,2467)  (2306,2467)  (2187,2467)  (2365,2466)  | overflowToLeft=false
132 Sea Zone  (5567,2807)  (5568,2867)  (5508,2807)  (5508,2864)  (5508,2747)  (5447,2718)  (5386,2680)  (5325,2634)  (5574,2927)  | overflowToLeft=false
75 Sea Zone  (4220,3681)  (4160,3740)  (4160,3680)  (4279,3741)  (4220,3621)  (4280,3621)  (4280,3681)  (4158,3620)  (4100,3796)  (4100,3736)  (4339,3741)  (4340,3587)  (4340,3647)  (4098,3676)  (4098,3616)  (4040,3796)  (4040,3736)  (4399,3707)  (4399,3767)  (4400,3587)  (4400,3647)  (4038,3676)  (4038,3616)  | overflowToLeft=false
Caroline Islands  (7193,2323)  (7253,2323)  (7194,2382)  | overflowToLeft=false
Eastern Sinkiang  (4957,1453)  (4898,1453)  (5017,1453)  | overflowToLeft=false
Trans-Jordan  (3625,1978)  (3685,1977)  (3624,2037)  (3683,2036)  | overflowToLeft=false
Peru  (818,2423)  (758,2456)  (758,2396)  (877,2483)  (878,2382)  (938,2401)  (731,2265)  | overflowToLeft=false
Vyborg  (3324,447)  (3405,373)  | overflowToLeft=false
Turkmenistan  (4392,1696)  (4332,1683)  (4449,1756)  (4452,1695)  | overflowToLeft=false
Germany  (2916,935)  (2976,935)  (3035,934)  (2976,994)  (3035,994)  (3095,992)  (2976,1053)  (3035,1053)  (3094,1052)  | overflowToLeft=false
67 Sea Zone  (459,2877)  (399,2936)  (399,2876)  (518,2937)  (459,2817)  (519,2817)  (519,2877)  (397,2816)  (458,2996)  (398,2996)  (339,2936)  (339,2876)  (578,2937)  (578,2997)  (518,2997)  (338,2997)  (457,2757)  (517,2757)  (577,2757)  (579,2817)  (579,2877)  (337,2816)  (337,2756)  (397,2756)  (637,2699)  (458,3056)  (398,3056)  (279,2937)  (279,2877)  (638,2937)  (638,2997)  (638,3057)  (578,3057)  (518,3057)  (338,3057)  (278,3057)  (278,2997)  (457,2697)  (517,2697)  (577,2697)  (639,2759)  (639,2819)  (277,2817)  (277,2757)  (277,2697)  (337,2696)  (397,2696)  (637,2639)  (697,2639)  (697,2699)  (458,3116)  (398,3116)  (219,2937)  (219,2877)  | overflowToLeft=false
Crete  (3352,1851)  | overflowToLeft=false
Central Mongolia  (5552,912)  (5492,971)  (5492,911)  (5611,972)  (5552,852)  (5612,852)  (5612,912)  (5490,851)  (5551,1031)  (5491,1031)  (5614,1032)  (5550,792)  (5488,1091)  | overflowToLeft=false
101 Sea Zone  (3375,1784)  (3434,1814)  (3436,1753)  (3493,1815)  (3554,1785)  (3613,1782)  | overflowToLeft=false
Anglo-Egyptian Sudan  (3262,2494)  (3202,2553)  (3202,2493)  (3321,2554)  (3262,2434)  (3322,2434)  (3322,2494)  (3200,2433)  (3261,2613)  (3201,2613)  (3142,2553)  (3141,2614)  (3260,2374)  (3320,2374)  (3380,2374)  (3382,2434)  (3382,2494)  (3440,2316)  (3262,2673)  (3202,2673)  (3082,2554)  (3142,2674)  (3082,2674)  (3081,2614)  (3304,2314)  (3378,2314)  (3442,2376)  (3442,2436)  (3442,2496)  (3500,2311)  (3220,2733)  (3160,2734)  (3100,2734)  (3502,2371)  (3502,2431)  (3502,2491)  (3560,2310)  (3241,2793)  (3181,2794)  (3562,2370)  (3562,2430)  (3251,2853)  (3191,2854)  | overflowToLeft=false
Union of South Africa  (3203,3762)  (3143,3762)  (3263,3761)  | overflowToLeft=false
Kwangtung  (5776,2051)  (5716,2051)  (5717,2110)  (5776,2110)  | overflowToLeft=false
Fiji  (8469,2972)  | overflowToLeft=false
Gorky  (4224,293)  (4164,352)  (4164,292)  (4283,353)  (4224,233)  (4284,258)  (4162,232)  (4343,318)  | overflowToLeft=false
70 Sea Zone  (1812,3535)  (1752,3594)  (1752,3534)  (1871,3595)  (1812,3475)  (1872,3475)  (1872,3535)  (1750,3474)  (1811,3654)  (1751,3654)  (1692,3594)  (1692,3534)  (1931,3595)  (1931,3655)  (1871,3655)  (1691,3655)  (1810,3415)  (1870,3415)  (1930,3415)  (1932,3475)  (1932,3535)  (1690,3474)  (1690,3414)  (1750,3414)  (1990,3357)  (1811,3714)  (1751,3714)  (1632,3595)  (1632,3535)  (1991,3595)  (1991,3655)  (1991,3715)  (1931,3715)  (1871,3715)  (1691,3715)  (1631,3715)  (1631,3655)  (1810,3355)  (1870,3355)  (1930,3355)  (1992,3417)  (1992,3477)  (1630,3475)  (1630,3415)  (1630,3355)  (1690,3354)  (1750,3354)  (1990,3297)  (1811,3774)  (1751,3774)  (1999,3775)  (1939,3775)  (1879,3775)  (1691,3775)  (1631,3775)  | overflowToLeft=false
Jehol  (5865,1128)  (5873,1188)  (5904,1068)  (5813,1196)  (5964,1023)  (5753,1240)  (5902,1008)  (5815,1256)  (5755,1300)  (5863,948)  | overflowToLeft=false
104 Sea Zone  (804,1117)  (864,1117)  (922,1117)  (804,1177)  (864,1177)  (923,1176)  (804,1235)  (863,1237)  (923,1235)  (803,1295)  (862,1295)  (922,1295)  (801,1355)  (862,1354)  (921,1354)  | overflowToLeft=false
Formosa  (6051,1900)  | overflowToLeft=false
40 Sea Zone  (4776,2616)  (4835,2616)  (4834,2559)  (4834,2499)  (4835,2675)  | overflowToLeft=false
Central United States  (328,1023)  (387,1023)  (447,1023)  (328,1083)  (388,1083)  (447,1083)  (328,1143)  (387,1143)  (268,1023)  (268,1083)  (268,1142)  (446,1142)  | overflowToLeft=false
New Britain  (7191,2852)  (7251,2828)  | overflowToLeft=false
39 Sea Zone  (5037,2631)  (4977,2642)  (4977,2582)  (5096,2691)  (5037,2571)  (5097,2587)  (5156,2647)  (5156,2707)  (5172,2767)  | overflowToLeft=false
24 Sea Zone  (7356,1939)  (7295,1939)  (7416,1939)  (7295,1878)  (7356,1878)  (7355,1818)  (7294,1998)  (7353,1998)  (7414,1998)  (7294,2056)  (7354,2057)  (7413,2057)  (7294,2116)  (7353,2116)  (7411,2117)  | overflowToLeft=false
Dutch New Guinea  (6794,2882)  (6855,2849)  (6854,2909)  (6733,2882)  (6734,2822)  | overflowToLeft=false
95 Sea Zone  (2352,1606)  (2407,1478)  (2467,1465)  (2467,1525)  (2477,1585)  (2527,1477)  (2537,1537)  (2537,1597)  | overflowToLeft=false
Baltic States  (3331,681)  (3271,681)  (3390,681)  (3449,681)  (3314,739)  (3372,738)  (3327,796)  | overflowToLeft=false
Nigeria  (2554,2568)  (2494,2598)  (2613,2628)  (2614,2543)  | overflowToLeft=false
45 Sea Zone  (6230,2894)  (6276,2811)  (6408,2843)  (6408,2783)  (6290,2948)  (6350,2947)  (6409,2947)  | overflowToLeft=false
Sardinia  (2673,1571)  | overflowToLeft=false
Uruguay  (1166,2936)  | overflowToLeft=false
United Kingdom  (2263,749)  (2323,748)  (2382,747)  (2441,746)  (2262,688)  (2322,687)  (2379,688)  (2439,686)  (2202,689)  (2201,748)  (2322,627)  (2383,628)  (2439,626)  | overflowToLeft=false
French Equatorial Africa  (2789,2478)  (2848,2478)  (2907,2478)  (2789,2537)  (2849,2537)  (2908,2537)  | overflowToLeft=false
Switzerland  (2691,1196)  | overflowToLeft=false
Northern Australia  (6696,3326)  (6636,3327)  (6756,3326)  (6636,3387)  (6696,3385)  (6756,3386)  | overflowToLeft=false
Samoa  (8896,3127)  | overflowToLeft=false
Vologda  (3830,284)  (3770,343)  (3843,344)  (3798,224)  (3858,224)  (3918,196)  (3783,403)  (3978,199)  | overflowToLeft=false
62 Sea Zone  (5548,3681)  (5488,3740)  (5488,3680)  (5607,3741)  (5548,3621)  (5608,3621)  (5608,3681)  (5486,3620)  (5428,3796)  (5428,3736)  (5667,3741)  (5668,3587)  (5668,3647)  (5426,3676)  (5426,3616)  (5368,3796)  (5368,3736)  (5727,3707)  (5727,3767)  (5728,3587)  (5728,3647)  (5366,3676)  (5366,3616)  (5308,3796)  (5308,3736)  (5787,3707)  (5787,3767)  (5788,3587)  (5788,3647)  (5306,3676)  (5306,3616)  (5248,3796)  (5248,3736)  (5847,3707)  (5847,3767)  (5848,3587)  (5848,3647)  (5246,3676)  (5246,3616)  (5188,3796)  (5188,3736)  (5907,3707)  (5907,3767)  (5908,3587)  (5908,3647)  (5186,3676)  (5186,3616)  (5128,3796)  (5128,3736)  (5967,3707)  (5967,3767)  | overflowToLeft=false
Venezuela  (942,1990)  (1002,1991)  | overflowToLeft=false
Liberia  (2113,2531)  | overflowToLeft=false
New Brunswick Nova Scotia  (971,653)  | overflowToLeft=false
Normandy Bordeaux  (2338,1070)  (2338,1129)  (2431,957)  (2491,923)  (2338,1188)  (2311,1246)  (2292,1306)  | overflowToLeft=false
Penza  (4230,737)  (4170,770)  (4260,797)  (4249,677)  (4290,737)  | overflowToLeft=false
Aleutian Islands  (8036,471)  (8096,471)  (8184,465)  (8243,462)  (8300,443)  | overflowToLeft=false
37 Sea Zone  (5834,2417)  (5773,2416)  (5892,2416)  (5952,2416)  (5773,2476)  (5833,2477)  (5890,2476)  (5949,2476)  (5834,2356)  (5893,2357)  (5953,2355)  (5772,2534)  (5831,2536)  (5891,2534)  (5950,2535)  (5770,2593)  (5830,2594)  (5890,2594)  (5949,2595)  | overflowToLeft=false
78 Sea Zone  (3883,2854)  (3823,2913)  (3823,2853)  (3942,2914)  (3883,2794)  (3943,2794)  (3943,2854)  (3882,2973)  (3822,2973)  (3763,2913)  (3970,2974)  (3762,2974)  (3900,2734)  (3960,2734)  (3910,3033)  (3850,3033)  (3970,3034)  (3790,3034)  (3702,2978)  (3702,2918)  (3882,2674)  (3942,2674)  (3926,2614)  | overflowToLeft=false
British Guiana  (1088,2040)  | overflowToLeft=false
73 Sea Zone  (3493,3666)  (3433,3725)  (3552,3726)  (3490,3606)  (3550,3606)  (3553,3666)  (3492,3785)  (3432,3785)  (3555,3786)  (3372,3786)  (3530,3546)  (3530,3486)  (3552,3426)  | overflowToLeft=false
32 Sea Zone  (7601,1923)  (7661,1923)  (7721,1923)  (7781,1923)  (7841,1923)  (7599,1862)  (7660,1862)  (7720,1862)  (7779,1862)  (7839,1862)  (7601,1982)  (7660,1983)  (7718,1982)  (7778,1983)  (7838,1983)  (7600,2042)  (7659,2043)  (7718,2042)  (7777,2042)  (7837,2040)  | overflowToLeft=false
Queensland  (6969,3341)  (7027,3341)  (7087,3341)  (7146,3341)  (6970,3401)  (7030,3400)  (7090,3400)  (7149,3400)  | overflowToLeft=false
Saratov  (4240,899)  (4180,893)  (4300,868)  (4300,928)  | overflowToLeft=false
Ulaanbaatar  (5681,713)  (5621,680)  (5740,773)  (5741,709)  | overflowToLeft=false
130 Sea Zone  (3546,35)  (3486,15)  (3582,95)  (3539,155)  (3736,0)  | overflowToLeft=false
96 Sea Zone  (2615,1743)  (2555,1778)  (2555,1718)  (2675,1732)  (2735,1777)  | overflowToLeft=false
Yenisey  (5310,296)  (5250,355)  (5250,295)  (5369,356)  (5310,236)  (5370,236)  (5370,296)  (5248,235)  (5309,415)  (5249,415)  (5371,416)  (5189,416)  (5308,176)  (5368,176)  (5428,176)  (5430,306)  (5235,175)  (5311,475)  (5251,475)  (5191,476)  (5295,116)  (5355,116)  (5415,116)  (5232,115)  (5131,519)  (5475,62)  (5344,535)  (5284,535)  (5224,536)  (5292,56)  (5352,56)  (5412,56)  (5071,577)  (5164,579)  (5472,2)  (5347,595)  (5287,595)  (5227,596)  (5011,615)  (5104,637)  (5167,639)  (5312,655)  (5044,675)  | overflowToLeft=false
Northern Belarus  (3533,670)  (3593,670)  (3651,668)  (3589,609)  | overflowToLeft=false
Celebes  (6107,2841)  (6165,2840)  (6164,2779)  (6101,2901)  | overflowToLeft=false
127 Sea Zone  (2151,20)  (2211,19)  (2271,19)  (2331,19)  (2391,19)  (2150,78)  (2210,78)  (2269,77)  (2330,78)  (2390,77)  | overflowToLeft=false
90 Sea Zone  (1446,1989)  (1386,2048)  (1386,1988)  (1505,2049)  (1446,1929)  (1506,1929)  (1506,1989)  (1384,1928)  (1445,2108)  (1385,2108)  (1326,2048)  (1326,1988)  (1565,2049)  (1565,2109)  (1505,2109)  (1325,2109)  (1566,1902)  (1566,1962)  (1324,1928)  (1625,2022)  (1625,2082)  (1626,1902)  (1626,1962)  (1264,1982)  (1264,1922)  (1204,1967)  (1204,1907)  (1144,1929)  | overflowToLeft=false
Rio de Oro  (2045,2018)  | overflowToLeft=false
Line Islands  (8597,2348)  | overflowToLeft=false
6 Sea Zone  (6613,980)  (6672,980)  (6729,980)  (6788,979)  (6612,920)  (6670,920)  (6730,919)  (6788,919)  (6610,1038)  (6668,1040)  (6729,1040)  (6608,1098)  (6669,1100)  | overflowToLeft=false
Austria  (2884,1204)  (2944,1203)  (3002,1203)  (3062,1202)  | overflowToLeft=false
59 Sea Zone  (5547,3349)  (5607,3348)  (5667,3348)  (5725,3347)  (5783,3347)  (5843,3347)  (5547,3288)  (5607,3287)  (5667,3287)  (5725,3287)  (5782,3286)  (5840,3286)  (5545,3408)  (5604,3408)  (5664,3408)  (5722,3407)  (5781,3407)  (5841,3407)  (5545,3466)  (5605,3467)  (5664,3467)  (5723,3466)  (5783,3467)  (5841,3467)  | overflowToLeft=false
Mozambique  (3422,3523)  (3411,3583)  | overflowToLeft=false
118 Sea Zone  (3247,527)  (3245,587)  | overflowToLeft=false
Southeast Mexico  (147,1380)  (87,1437)  (87,1377)  (206,1440)  (147,1320)  (207,1320)  (207,1380)  (83,1317)  (240,1500)  (143,1260)  (203,1260)  (23,1337)  (23,1277)  (83,1257)  (1,1217)  (320,1554)  (143,1200)  (61,1197)  (1,1157)  (380,1543)  (380,1603)  (61,1137)  (1,1097)  (440,1519)  (440,1579)  (61,1077)  (1,1037)  | overflowToLeft=false
109 Sea Zone  (1193,721)  (1253,721)  (1313,721)  (1193,781)  (1253,780)  (1313,781)  (1192,839)  (1253,839)  (1313,840)  | overflowToLeft=false
Guam  (6703,2006)  | overflowToLeft=false
French Indo China  (5465,2355)  (5525,2354)  (5464,2413)  (5524,2414)  (5524,2474)  (5584,2474)  (5525,2534)  (5584,2532)  (5585,2592)  | overflowToLeft=false
10 Sea Zone  (8594,880)  (8534,939)  (8534,879)  (8653,940)  (8594,820)  (8654,820)  (8654,880)  (8532,819)  (8593,999)  (8533,999)  (8677,1000)  (8592,760)  (8652,760)  (8527,759)  (8617,1059)  (8557,1059)  (8677,1060)  (8587,700)  (8647,700)  (8527,699)  (8617,1119)  (8557,1119)  (8677,1120)  (8587,640)  (8647,640)  (8527,639)  (8617,1179)  (8557,1179)  (8677,1180)  (8587,580)  (8647,580)  (8527,579)  (8617,1239)  (8557,1239)  (8677,1240)  (8617,1299)  (8557,1299)  (8677,1300)  | overflowToLeft=false
68 Sea Zone  (484,3478)  (424,3537)  (424,3477)  (543,3538)  (484,3418)  (544,3418)  (544,3478)  (422,3417)  (483,3597)  (423,3597)  (364,3537)  (364,3477)  (603,3538)  (603,3598)  (543,3598)  (363,3598)  (482,3358)  (542,3358)  (602,3358)  (604,3418)  (604,3478)  (362,3417)  (362,3357)  (422,3357)  (662,3300)  (483,3657)  (423,3657)  (304,3538)  (304,3478)  (663,3538)  (663,3598)  (663,3658)  (603,3658)  (543,3658)  (363,3658)  (303,3658)  (303,3598)  (482,3298)  (542,3298)  (602,3298)  (664,3360)  (664,3420)  (302,3418)  (302,3358)  (302,3298)  (362,3297)  (422,3297)  (662,3240)  (722,3240)  (722,3300)  (483,3717)  (423,3717)  (244,3538)  (244,3478)  | overflowToLeft=false
South West Africa  (3007,3651)  (2947,3645)  (3050,3711)  (2990,3711)  (3007,3591)  (3067,3596)  | overflowToLeft=false
Eastern Turkey  (3828,1701)  (3768,1701)  (3708,1701)  (3888,1701)  | overflowToLeft=false
Southern Italy  (2963,1539)  (2926,1599)  (2987,1598)  (2936,1657)  (2995,1657)  | overflowToLeft=false
121 Sea Zone  (1801,331)  (1741,390)  (1741,330)  (1860,391)  (1801,271)  (1861,271)  (1861,331)  (1739,270)  (1800,450)  (1740,450)  (1920,391)  (1920,451)  (1860,451)  (1799,211)  (1859,211)  (1919,211)  (1921,271)  (1921,331)  (1694,210)  | overflowToLeft=false
77 Sea Zone  (4309,3390)  (4249,3449)  (4249,3389)  (4368,3450)  (4309,3330)  (4369,3330)  (4369,3390)  (4247,3329)  (4308,3509)  (4248,3509)  (4189,3449)  (4189,3389)  (4428,3450)  (4428,3510)  (4368,3510)  (4188,3510)  (4307,3270)  (4367,3270)  (4427,3270)  (4429,3330)  (4429,3390)  (4187,3329)  (4187,3269)  (4247,3269)  (4487,3257)  (4129,3450)  (4129,3390)  (4488,3450)  (4488,3510)  (4128,3527)  (4489,3317)  (4489,3377)  (4127,3330)  (4127,3270)  (4547,3257)  (4069,3467)  (4069,3407)  (4548,3437)  (4548,3497)  (4068,3527)  (4549,3317)  (4549,3377)  (4067,3347)  (4067,3287)  (4607,3257)  (4608,3437)  (4608,3497)  (4609,3317)  (4609,3377)  | overflowToLeft=false
Tobruk  (3033,2036)  (3091,2036)  (3151,2035)  (3033,2095)  (3092,2095)  (3151,2095)  | overflowToLeft=false
Gold Coast  (2326,2582)  | overflowToLeft=false
86 Sea Zone  (1774,2902)  (1714,2961)  (1714,2901)  (1833,2962)  (1774,2842)  (1834,2842)  (1834,2902)  (1712,2841)  (1773,3021)  (1713,3021)  (1654,2961)  (1654,2901)  (1893,2962)  (1893,3022)  (1833,3022)  (1653,3022)  (1772,2782)  (1832,2782)  (1892,2782)  (1894,2842)  (1894,2902)  (1652,2841)  (1652,2781)  (1712,2781)  (1773,3081)  (1713,3081)  (1912,3082)  (1852,3082)  (1653,3082)  (1772,2722)  (1832,2722)  (1892,2722)  (1627,2721)  (1687,2721)  (1792,3141)  (1732,3141)  (1912,3142)  (1852,3142)  (1672,3142)  (1747,2662)  (1807,2662)  (1867,2662)  (1631,2661)  (1792,3201)  (1732,3201)  (1912,3202)  (1852,3202)  (1672,3202)  (1691,2602)  (1751,2602)  (1811,2602)  (1871,2602)  | overflowToLeft=false
Inner Mongolia  (5419,1248)  (5358,1248)  (5479,1248)  | overflowToLeft=false
Japan  (6637,1202)  (6697,1201)  (6757,1201)  (6890,1074)  (6829,1074)  (6950,1073)  (6922,1013)  (6982,1013)  (6981,953)  (6949,892)  (7009,892)  (6980,831)  | overflowToLeft=false
120 Sea Zone  (1503,346)  (1443,405)  (1443,345)  (1562,406)  (1503,286)  (1563,286)  (1563,346)  (1441,285)  (1502,465)  (1442,465)  (1622,406)  (1622,466)  (1562,466)  (1501,226)  (1561,226)  (1621,226)  (1623,286)  (1623,346)  (1405,225)  (1502,525)  (1442,525)  (1634,526)  (1574,526)  (1465,166)  (1525,166)  (1585,166)  (1405,165)  | overflowToLeft=false
Leningrad  (3574,453)  (3514,512)  (3514,452)  (3573,511)  (3633,454)  | overflowToLeft=false
Ceylon  (4738,2719)  | overflowToLeft=false
Kwangsi  (5585,2126)  (5525,2120)  (5644,2186)  | overflowToLeft=false
Yunnan  (5333,2057)  (5336,2117)  (5304,1997)  (5393,2043)  (5311,1937)  | overflowToLeft=false
71 Sea Zone  (2208,3545)  (2148,3604)  (2148,3544)  (2267,3605)  (2208,3485)  (2268,3485)  (2268,3545)  (2146,3484)  (2207,3664)  (2147,3664)  (2088,3604)  (2088,3544)  (2327,3605)  (2327,3665)  (2267,3665)  (2087,3665)  (2206,3425)  (2266,3425)  (2326,3425)  (2328,3485)  (2328,3545)  (2086,3484)  (2086,3424)  (2146,3424)  (2207,3724)  (2147,3724)  (2385,3725)  (2325,3725)  (2087,3725)  (2206,3365)  (2266,3365)  (2326,3365)  (2059,3364)  (2119,3364)  (2265,3784)  (2205,3784)  (2385,3785)  (2325,3785)  (2145,3785)  (2085,3785)  (2179,3305)  (2239,3305)  (2299,3305)  (2359,3305)  (2059,3304)  (2119,3304)  | overflowToLeft=false
30 Sea Zone  (8487,2444)  (8548,2444)  (8608,2443)  (8669,2444)  (8729,2445)  (8487,2504)  (8547,2503)  (8609,2503)  (8669,2504)  (8729,2505)  (8730,2384)  (8730,2325)  (8730,2265)  (8668,2265)  (8607,2266)  (8546,2265)  (8487,2264)  (8485,2325)  (8485,2385)  (8487,2564)  (8547,2563)  (8607,2564)  (8668,2564)  (8727,2565)  | overflowToLeft=false
Albania  (3138,1512)  (3198,1512)  (3138,1570)  | overflowToLeft=false
Dzavhan  (5413,698)  (5353,757)  (5416,638)  (5473,698)  (5476,635)  (5360,817)  | overflowToLeft=false
108 Sea Zone  (2206,1173)  (2146,1232)  (2146,1172)  (2236,1233)  (2206,1113)  (2266,1117)  (2144,1112)  (2176,1292)  (2204,1053)  (2142,1052)  | overflowToLeft=false
New Zealand  (7921,3655)  (7816,3781)  (7981,3622)  | overflowToLeft=false
11 Sea Zone  (8844,809)  (8845,748)  (8845,689)  (8846,630)  (8845,868)  (8846,929)  (8846,989)  (8848,1049)  (8848,1108)  (8785,630)  (8786,687)  (8785,745)  (8784,804)  (8784,863)  (8784,923)  (8784,983)  (8786,1042)  (8786,1103)  (8785,1165)  (8847,1168)  | overflowToLeft=false
Rhodesia  (3203,3474)  (3143,3533)  (3143,3473)  (3262,3534)  (3203,3414)  (3263,3414)  (3263,3474)  (3141,3413)  (3202,3593)  | overflowToLeft=false
17 Sea Zone  (7440,1030)  (7380,1089)  (7380,1029)  (7499,1090)  (7440,970)  (7500,970)  (7500,1030)  (7378,969)  (7439,1149)  (7379,1149)  (7320,1089)  (7320,1029)  (7559,1090)  (7559,1150)  (7499,1150)  (7319,1150)  (7438,910)  (7498,910)  (7558,910)  (7560,970)  (7560,1030)  (7318,969)  (7318,909)  (7378,909)  (7618,893)  (7439,1209)  (7379,1209)  (7260,1090)  (7260,1030)  (7619,1090)  (7619,1150)  (7619,1210)  (7559,1210)  (7499,1210)  (7319,1210)  (7259,1210)  (7259,1150)  (7620,953)  (7620,1013)  (7258,970)  (7258,910)  | overflowToLeft=false
87 Sea Zone  (1417,2925)  (1357,2984)  (1357,2924)  (1476,2985)  (1417,2865)  (1477,2865)  (1477,2925)  (1355,2864)  (1416,3044)  (1356,3044)  (1297,2984)  (1536,2985)  (1536,3045)  (1476,3045)  (1296,3045)  (1415,2805)  (1475,2805)  (1535,2805)  (1537,2865)  (1537,2925)  (1338,2804)  (1416,3104)  (1356,3104)  (1567,3105)  (1507,3105)  (1296,3105)  (1236,3105)  (1236,3045)  (1433,2745)  (1493,2745)  (1553,2745)  (1176,3132)  (1506,2685)  (1566,2685)  | overflowToLeft=false
58 Sea Zone  (6241,3654)  (6181,3713)  (6181,3653)  (6300,3714)  (6241,3594)  (6301,3594)  (6301,3654)  (6179,3593)  (6240,3773)  (6180,3773)  (6121,3713)  (6121,3653)  (6360,3714)  (6360,3774)  (6300,3774)  (6120,3774)  (6239,3534)  (6119,3593)  (6119,3533)  (6179,3533)  (6420,3693)  (6420,3753)  (6078,3473)  (6138,3473)  (6198,3473)  (6480,3678)  (6480,3738)  | overflowToLeft=false
102 Sea Zone  (3609,1452)  (3549,1506)  (3549,1446)  (3609,1392)  (3669,1412)  (3669,1472)  | overflowToLeft=false
Ontario  (591,587)  (531,591)  (531,531)  (650,647)  (591,527)  (651,569)  (471,586)  (564,467)  (700,719)  | overflowToLeft=false
Ethiopia  (3479,2720)  (3419,2720)  (3539,2721)  (3472,2779)  (3530,2780)  | overflowToLeft=false
New Hebrides  (7671,3260)  | overflowToLeft=false
British Somaliland  (3685,2709)  | overflowToLeft=false
Himalayas  (4938,1909)  (4878,1968)  (4878,1908)  (4997,1969)  (4998,1886)  (4876,1848)  (4937,2028)  (5057,1946)  (5057,2006)  (4997,2029)  (4816,1838)  (4806,1778)  (4866,1778)  (5094,2066)  (5117,1895)  (5117,1955)  (4770,1718)  (4830,1718)  (5154,2015)  (4710,1683)  (5177,1894)  (5177,1954)  (4770,1658)  (4707,1623)  (5237,1908)  (4767,1598)  (4736,1538)  | overflowToLeft=false
61 Sea Zone  (4871,3680)  (4811,3739)  (4811,3679)  (4930,3740)  (4871,3620)  (4931,3620)  (4931,3680)  (4809,3619)  (4751,3796)  (4751,3736)  (4749,3676)  (4749,3616)  | overflowToLeft=false
Egypt  (3435,2106)  (3495,2106)  (3440,2166)  (3499,2165)  (3500,2225)  | overflowToLeft=false
Kirov  (4321,134)  (4261,113)  (4380,194)  (4321,74)  (4381,74)  (4381,134)  (4239,53)  (4299,14)  (4359,14)  (4419,14)  | overflowToLeft=false
Sakha  (6317,100)  (6257,159)  (6257,99)  (6376,160)  (6317,40)  (6377,40)  (6377,100)  (6255,39)  (6316,219)  (6256,219)  (6197,159)  (6197,99)  (6436,160)  (6387,220)  (6437,1)  (6437,61)  (6195,39)  (6496,121)  | overflowToLeft=false
52 Sea Zone  (8765,2977)  (8825,2976)  (8883,2976)  (8943,2976)  (9004,2976)  (9063,2976)  (9123,2976)  (8764,2917)  (8822,2915)  (8882,2916)  (8942,2915)  (9003,2917)  (9063,2916)  (9122,2915)  (8766,3037)  (8827,3035)  (8886,3036)  (8946,3036)  (9006,3036)  (9066,3036)  (9126,3035)  (8766,3095)  (8767,3154)  (8769,3212)  (8830,3212)  (8890,3211)  (8951,3211)  (9011,3211)  (9071,3210)  (9129,3210)  | overflowToLeft=false
Sierra Leone  (2007,2437)  | overflowToLeft=false
Bolivia  (998,2556)  (938,2615)  (1034,2616)  (998,2496)  (1058,2546)  | overflowToLeft=false
Northern Caucasus  (4003,1362)  (3942,1362)  (4062,1363)  (3963,1422)  (4021,1422)  (4080,1423)  | overflowToLeft=false
Malta  (2804,1852)  | overflowToLeft=false
Wake Island  (7458,1827)  | overflowToLeft=false
Saudi Arabia  (3857,2339)  (3797,2339)  (3917,2340)  (3797,2398)  (3857,2399)  (3915,2398)  | overflowToLeft=false
Timguska  (4829,647)  (4769,690)  (4769,630)  (4888,707)  (4829,587)  (4889,640)  (4751,570)  (4828,750)  (4948,709)  (4888,767)  (4811,527)  (4950,769)  (4745,510)  (4828,810)  (4888,827)  (4805,467)  (4855,887)  | overflowToLeft=false
27 Sea Zone  (8043,1875)  (8103,1876)  (8163,1877)  (8223,1878)  (8044,1935)  (8103,1936)  (8161,1937)  (8220,1938)  (8042,1815)  (8101,1815)  (8161,1816)  (8042,1755)  (8101,1754)  (8041,1995)  (8100,1996)  (8160,1997)  (8219,1998)  (8040,2055)  (8099,2056)  (8159,2057)  (8218,2058)  | overflowToLeft=false
33 Sea Zone  (7523,2316)  (7583,2316)  (7643,2315)  (7703,2315)  (7762,2315)  (7523,2255)  (7582,2256)  (7521,2375)  (7580,2374)  (7641,2376)  (7700,2375)  (7759,2254)  (7760,2376)  | overflowToLeft=false
Szechwan  (5385,1784)  (5362,1844)  (5408,1724)  (5445,1784)  | overflowToLeft=false
Eire  (2112,537)  (2052,593)  | overflowToLeft=false
Hawaiian Islands  (8348,1879)  (8338,1818)  (8278,1768)  (8407,1879)  | overflowToLeft=false
Baluchistan  (4470,2199)  (4410,2198)  (4471,2258)  (4411,2257)  (4470,2139)  (4349,2295)  | overflowToLeft=false
Rostov  (3985,1204)  (4044,1204)  (4104,1204)  (3925,1263)  (3985,1264)  (4044,1264)  | overflowToLeft=false
42 Sea Zone  (5066,3028)  (5124,3028)  (5183,3028)  (5065,2968)  (5124,2967)  (5182,2968)  (5065,3088)  (5123,3087)  (5182,3088)  (5066,3148)  (5123,3147)  (5182,3147)  | overflowToLeft=false
Newfoundland Labrador  (992,440)  (953,380)  (1053,467)  | overflowToLeft=false
France  (2474,1055)  (2533,1055)  (2593,1054)  (2473,1115)  (2533,1115)  (2593,1114)  (2525,1174)  (2583,1174)  | overflowToLeft=false
36 Sea Zone  (6147,2541)  (6206,2541)  (6265,2541)  (6323,2540)  (6382,2540)  (6441,2540)  (6499,2540)  (6558,2540)  (6146,2600)  (6205,2600)  (6264,2601)  (6324,2599)  (6384,2599)  (6442,2599)  (6500,2599)  (6557,2599)  (6147,2658)  (6206,2658)  (6264,2657)  (6323,2657)  (6383,2658)  (6440,2657)  (6499,2658)  (6558,2658)  | overflowToLeft=false
Novgorod  (3754,533)  (3694,560)  (3814,487)  | overflowToLeft=false
Fukien  (5893,1843)  (5887,1903)  (5876,1783)  (5936,1783)  | overflowToLeft=false
111 Sea Zone  (1813,705)  (1753,764)  (1753,704)  (1872,765)  (1813,645)  (1873,645)  (1873,705)  (1751,644)  (1793,824)  (1733,824)  (1811,585)  (1871,585)  (1694,584)  | overflowToLeft=false
80 Sea Zone  (4557,3000)  (4497,3059)  (4497,2999)  (4616,3060)  (4557,2940)  (4617,2940)  (4617,3000)  (4495,2939)  (4556,3119)  (4496,3119)  (4671,3120)  (4555,2880)  (4615,2880)  (4482,2879)  (4611,3179)  (4551,3179)  (4491,3179)  (4671,3180)  | overflowToLeft=false
74 Sea Zone  (3616,3384)  (3616,3444)  (3616,3504)  (3616,3564)  (3616,3773)  (3629,3071)  (3647,3131)  (3650,3241)  (3650,3301)  (3676,3361)  (3707,3105)  (3707,3165)  (3710,3225)  (3710,3285)  (3736,3345)  (3739,3794)  (3767,3116)  (3770,3176)  (3770,3236)  (3796,3296)  (3796,3356)  (3799,3778)  (3827,3116)  (3830,3176)  (3830,3236)  (3844,3718)  (3856,3296)  (3859,3778)  (3877,3658)  (3887,3116)  (3890,3176)  (3890,3236)  (3903,3586)  (3904,3718)  (3919,3778)  (3925,3524)  (3937,3646)  (3947,3116)  (3950,3176)  (3950,3236)  (3956,3464)  (3963,3584)  (3964,3706)  (3969,3296)  | overflowToLeft=false
105 Sea Zone  (1208,1212)  (1148,1271)  (1148,1211)  (1267,1272)  (1208,1152)  (1268,1152)  (1268,1212)  (1146,1151)  (1207,1331)  (1147,1331)  (1088,1271)  (1088,1211)  (1327,1272)  (1327,1332)  (1267,1332)  (1087,1332)  (1206,1092)  (1266,1092)  (1326,1092)  (1328,1152)  (1328,1212)  (1086,1151)  (1086,1091)  (1146,1091)  (1386,1034)  (1207,1391)  (1147,1391)  (1028,1272)  (1028,1212)  (1387,1272)  (1387,1332)  (1387,1392)  (1327,1392)  (1267,1392)  (1087,1392)  (1027,1392)  (1027,1332)  (1206,1032)  (1266,1032)  (1326,1032)  (1388,1094)  (1388,1154)  (1026,1152)  (1026,1092)  (1026,1032)  (1086,1031)  (1146,1031)  (1386,974)  (1207,1451)  (1147,1451)  (1400,1452)  (1340,1452)  (1280,1452)  | overflowToLeft=false
Southern Spain  (2162,1664)  (2103,1663)  (2221,1664)  | overflowToLeft=false
Burma  (4981,2305)  (5040,2305)  (4980,2365)  (5040,2365)  (4980,2425)  (5039,2425)  | overflowToLeft=false
French Central Africa  (2519,2470)  (2578,2412)  (2637,2411)  (2636,2352)  (2696,2351)  | overflowToLeft=false
Pripet Marshes  (3666,885)  (3732,900)  | overflowToLeft=false
Stalingrad  (4185,1116)  (4246,1116)  (4202,1176)  | overflowToLeft=false
Evenkiyskiy  (5058,211)  (4998,270)  (5117,271)  (5001,151)  (5061,151)  (5118,211)  (5121,148)  (5057,330)  (5008,91)  (5068,88)  (5128,88)  (5098,390)  (5038,390)  (5005,31)  (5065,28)  (5125,28)  (4978,434)  (4918,445)  (5077,450)  (5017,494)  (4957,505)  | overflowToLeft=false
Tula  (4053,772)  (4089,832)  (4029,832)  (4036,712)  | overflowToLeft=false
14 Sea Zone  (8305,1318)  (8245,1377)  (8245,1317)  (8364,1378)  (8305,1258)  (8365,1258)  (8365,1318)  (8243,1257)  (8304,1437)  (8244,1437)  (8368,1438)  (8303,1198)  (8363,1198)  (8423,1198)  (8425,1258)  (8218,1197)  (8308,1497)  (8248,1497)  (8368,1498)  (8308,1557)  (8248,1557)  (8368,1558)  | overflowToLeft=false
Norway  (2910,289)  (2969,289)  (2850,349)  (2909,348)  (2815,409)  (2874,408)  (2794,469)  (2852,468)  | overflowToLeft=false
Italian Somaliland  (3743,2800)  (3803,2758)  | overflowToLeft=false
Amur  (6584,437)  (6524,496)  (6524,436)  (6643,497)  (6584,377)  (6644,377)  (6644,437)  (6522,376)  (6583,556)  (6464,548)  (6464,488)  (6703,497)  (6703,557)  (6643,557)  (6582,317)  (6642,317)  (6702,317)  (6704,377)  (6704,437)  (6462,428)  (6462,368)  (6522,316)  (6454,308)  (6583,616)  (6404,516)  (6763,497)  (6720,617)  (6660,617)  (6764,320)  (6764,380)  (6402,456)  (6402,396)  (6394,336)  (6600,676)  (6689,677)  (6824,397)  (6342,471)  (6342,411)  (6334,351)  (6540,710)  (6619,736)  (6274,336)  (6559,770)  | overflowToLeft=false
20 Sea Zone  (6269,1446)  (6209,1446)  (6149,1446)  (6329,1446)  (6388,1445)  (6448,1445)  (6448,1385)  (6389,1386)  (6329,1386)  (6269,1387)  (6209,1386)  (6149,1387)  (6268,1327)  (6208,1327)  (6149,1327)  (6149,1505)  (6148,1563)  (6147,1621)  | overflowToLeft=false
Denmark  (2799,640)  (2859,639)  | overflowToLeft=false
55 Sea Zone  (7114,3166)  (7174,3166)  (7233,3166)  (7292,3166)  (7113,3106)  (7171,3106)  (7231,3105)  (7291,3106)  (7167,3226)  (7227,3226)  (7287,3225)  (7227,3285)  (7287,3284)  (7288,3342)  (7289,3401)  | overflowToLeft=false
Mexico  (9145,1076)  (9085,1035)  (9190,1136)  (9145,1016)  (9043,975)  (9190,1196)  (9113,956)  | overflowToLeft=false
Suriname  (1162,2036)  | overflowToLeft=false
Northern Sinkiang  (4966,1065)  (4906,1065)  (4927,1124)  (4986,1123)  | overflowToLeft=false
Greenland  (1057,20)  (997,56)  (1116,80)  (1117,1)  (1139,140)  (1177,1)  | overflowToLeft=false
49 Sea Zone  (7647,2592)  (7587,2651)  (7587,2591)  (7706,2652)  (7647,2532)  (7707,2532)  (7707,2592)  (7585,2531)  (7646,2711)  (7586,2711)  (7527,2651)  (7527,2591)  (7766,2652)  (7766,2712)  (7706,2712)  (7526,2712)  (7767,2482)  (7767,2542)  (7525,2531)  | overflowToLeft=false